Predictions [0.5264287673889614, 0.19337954461253248, 0.274286911497703, 0.20584406769832186, 0.08419155109661602, 0.32782020840773374, 0.18640566326939462, 0.5447780156781004, 0.6158438875546807, 0.8830913806555907, 0.15530466933434128, 0.8809083701665524, 0.6223744599397576, 0.5250720382983152, 0.2839084436516361, 0.326051479744328, 0.3686947116512809, 0.6645615904433957, 0.3064039783690651, 0.2993468344657123]
Labels [1 1 0 0 1 1 1 1 0 0 0 0 1 0 0 1 1 0 0 1]
Accuracy 0.4000000059604645
Predictions [0.5177429845300553, 0.18823648680420302, 0.2802684483900203, 0.21612759402389964, 0.08254469170103779, 0.32208697920182094, 0.1826125108563399, 0.5376405291463922, 0.6232684846810828, 0.8867822779048626, 0.157159257721522, 0.8851719341409031, 0.6169028658543836, 0.5297640361465643, 0.29238032709412076, 0.3205614836778331, 0.36147534773233253, 0.6671761054182854, 0.31455231567238445, 0.2922214982306912]
Labels [1 1 0 0 1 1 1 1 0 0 0 0 1 0 0 1 1 0 0 1]
Accuracy 0.4000000059604645
Predictions [0.5119385636976699, 0.18637887394444436, 0.2850668275862448, 0.22525243292268315, 0.08239001198800833, 0.31836736291342205, 0.18123790275666257, 0.533809476594413, 0.631176365052371, 0.8887123537899521, 0.15932555267335913, 0.8897354237580122, 0.6144480757995576, 0.5368640488446552, 0.3007737575896471, 0.318988814505454, 0.3578803706989203, 0.6720916081085462, 0.32120246598947744, 0.2879352208844659]
Labels [1 1 0 0 1 1 1 1 0 0 0 0 1 0 0 1 1 0 0 1]
Accuracy 0.4000000059604645
Predictions [0.1749785112886938, 0.19069388542122023, 0.9509081175627256, 0.6936862503494738, 0.7411927325569095, 0.8502607184967435, 0.713290911703921, 0.4967133315429042, 0.9982900928957688, 0.5941591250215041, 0.24446736692954096, 0.0063661205876382465, 0.8861442763618892, 0.9526975154692019, 0.3806043140618539, 0.43575962703516524, 0.19592495226586704, 0.12483769779164355, 0.927082465477962, 0.5940576208138875]
Labels [1 1 0 0 1 1 1 1 0 0 0 0 1 0 0 1 1 0 0 1]
Accuracy 0.44999998807907104
Predictions [0.09645768311995101, 0.09748947919605305, 0.9014415253124983, 0.6544112854377263, 0.6263832205451015, 0.8103306839256381, 0.6027939863634664, 0.4010169432563718, 0.9876383288062802, 0.6432535143710105, 0.2065468384241359, 0.0021886776755498105, 0.7820968560632562, 0.9837002063056984, 0.3032784759266845, 0.3093581218009406, 0.12001192453405568, 0.16193210049268392, 0.8843817563432033, 0.4506595297370095]
Labels [1 1 0 0 1 1 1 1 0 0 0 0 1 0 0 1 1 0 0 1]
Accuracy 0.4000000059604645
Predictions [0.05530397735961423, 0.05215333958182611, 0.8551302556401945, 0.590365652063446, 0.5321747003730132, 0.7631905047940077, 0.5033305533172777, 0.33045523457396797, 0.9669399542422015, 0.7021489478701524, 0.1546701952584626, 0.01674615399428242, 0.6771898583119123, 0.9974050451479355, 0.2543221168965865, 0.22951779280816687, 0.07603420145364592, 0.22209548933156043, 0.8379013702328559, 0.3430139069439967]
Labels [1 1 0 0 1 1 1 1 0 0 0 0 1 0 0 1 1 0 0 1]
Accuracy 0.4000000059604645
Predictions [0.9513273287594336, 0.833707126743682, 0.7391275046029044, 0.7782541920102173, 0.8952877243079614, 0.14303889141556592, 0.5656131411527526, 0.4081717751916275, 0.32029477524094385, 0.8015418118699827, 0.06879084881595293, 0.7113261026251803, 0.39907644421057764, 0.8576017692384715, 0.8864608227383948, 0.4634881266234025, 0.924917290454619, 0.9942411320712939, 0.7322354656081261, 0.6005889093696114]
Labels [1 1 0 0 1 1 1 1 0 0 0 0 1 0 0 1 1 0 0 1]
Accuracy 0.4000000059604645
Predictions [0.9307243545297696, 0.7263720363107873, 0.7168411442430178, 0.7546281195924878, 0.8386380502408377, 0.16777212037677736, 0.4532892791237674, 0.31878948843156174, 0.3156279522570313, 0.782213550400781, 0.06455446803344167, 0.7561930195424926, 0.36172827911846894, 0.8388231162680464, 0.846528619537769, 0.35516782592349894, 0.9284646516363437, 0.982406139576773, 0.6540207403075002, 0.48286497430094744]
Labels [1 1 0 0 1 1 1 1 0 0 0 0 1 0 0 1 1 0 0 1]
Accuracy 0.30000001192092896
Predictions [0.8898416076282483, 0.6154104608961316, 0.7147817293311952, 0.7548876906044168, 0.7861362777364859, 0.20407785035743436, 0.3699376371090893, 0.26028280151700167, 0.3317235996928345, 0.7737859305432001, 0.07119414369838228, 0.7980943063144443, 0.34695762807896446, 0.8384705643446513, 0.8071289419431689, 0.26498296895658113, 0.9125274833491865, 0.9613967048683729, 0.5956533757772706, 0.3860888274202665]
Labels [1 1 0 0 1 1 1 1 0 0 0 0 1 0 0 1 1 0 0 1]
Accuracy 0.30000001192092896
Predictions [0.6491657783751578, 0.8403007442143624, 0.6778133749014303, 0.1518840993827955, 0.06756005670849763, 0.41528259356815866, 0.19454686731971937, 0.004191886378726917, 0.30875464269640135, 0.8593411802352301, 0.2008561324950554, 0.6414939027071371, 0.1786760366360594, 0.4373281145760439, 0.21423867881523706, 0.918830474483399, 0.45220641289491026, 0.23748436147391583, 0.2781743070025026, 0.2968757771440478]
Labels [1 1 0 0 1 1 1 1 0 0 0 0 1 0 0 1 1 0 0 1]
Accuracy 0.5
Predictions [0.5339932224687227, 0.759459940693527, 0.6017952227644969, 0.24511841592473926, 0.0852776015744337, 0.5192793453711401, 0.29467178915134185, 0.0285537938301596, 0.39196057879380974, 0.9018607944811438, 0.17223241309098392, 0.75476006731794, 0.2781317528674236, 0.4890803651201522, 0.1363008777069209, 0.8585244961080761, 0.3609486006303655, 0.3426164164673454, 0.4217467717419838, 0.24342493075131022]
Labels [1 1 0 0 1 1 1 1 0 0 0 0 1 0 0 1 1 0 0 1]
Accuracy 0.550000011920929
Predictions [0.4134966971058416, 0.6591098031687036, 0.5204215650156566, 0.34479094232881546, 0.12596920064923112, 0.6121463343101935, 0.39858366900655473, 0.08509034542580118, 0.4471591404993803, 0.9222057615366681, 0.15708649066336883, 0.8389789941574937, 0.37851441151749166, 0.5090327538869316, 0.0822507487302584, 0.7761318914821376, 0.2766335738315694, 0.4474884315002724, 0.5685261569159136, 0.19767466560743374]
Labels [1 1 0 0 1 1 1 1 0 0 0 0 1 0 0 1 1 0 0 1]
Accuracy 0.4000000059604645
Predictions [0.2933832730134204, 0.24074498089325447, 0.4415851638946837, 0.18710054613402527, 0.4852851227557437, 0.7695896391314246, 0.8874512393188585, 0.7688130877751825, 0.6568598774360647, 0.020163523837882613, 0.6850197738780006, 0.08046401059289904, 0.8690401751819847, 0.6883384809557358, 0.6844497811500121, 0.2549557855804087, 0.19830542774047782, 0.701935852038863, 0.6656945854223282, 0.7915249035240551]
Labels [1 1 0 0 1 1 1 1 0 0 0 0 1 0 0 1 1 0 0 1]
Accuracy 0.44999998807907104
Predictions [0.25196060318109076, 0.2005400057914305, 0.4342192666369224, 0.20463944366458015, 0.4190761103783045, 0.690610961147506, 0.80866196247959, 0.6981585187196849, 0.6895752716921529, 0.025032523178098565, 0.6713704028995809, 0.0826819760764097, 0.7990599811896881, 0.7038428497423239, 0.6515174847721159, 0.22614693322385498, 0.18356423966418056, 0.750264577416324, 0.6387762501804297, 0.6994727990035841]
Labels [1 1 0 0 1 1 1 1 0 0 0 0 1 0 0 1 1 0 0 1]
Accuracy 0.44999998807907104
Predictions [0.6598400069040382, 0.5785067693813886, 0.8217648063418197, 0.4692137012752144, 0.6707790319338887, 0.29264440845886475, 0.22942729476712587, 0.4488599815263915, 0.6813153665605609, 0.07837203635117762, 0.3901313499937439, 0.8047059248033919, 0.1434813812985548, 0.8222441522559429, 0.9433786107006958, 0.6513787831672501, 0.6074313718130581, 0.6559542026467895, 0.9519274094333164, 0.5139448673857608]
Labels [1 1 0 0 1 1 1 1 0 0 0 0 1 0 0 1 1 0 0 1]
Accuracy 0.44999998807907104
Predictions [0.4878355105818365, 0.40869515509767634, 0.7217708086357948, 0.5002366778384988, 0.5268536192546784, 0.3554571057786037, 0.12010824936736442, 0.30542638526343696, 0.716154152865911, 0.04318479380842477, 0.444895682234749, 0.6717342912660516, 0.061505127978945584, 0.7842563054995195, 0.8477016321176217, 0.4801395042635847, 0.4310524793970158, 0.6230923308428944, 0.8888396678011037, 0.34282236545765565]
Labels [1 1 0 0 1 1 1 1 0 0 0 0 1 0 0 1 1 0 0 1]
Accuracy 0.15000000596046448
Predictions [0.3590051538455297, 0.2864843066196589, 0.6633416195222586, 0.5144602725908277, 0.42736745314369173, 0.4126433433046589, 0.06251510127557874, 0.21340734028022845, 0.7329129639970483, 0.03511118088556675, 0.45293032906392927, 0.5732051784420954, 0.02516668312141296, 0.7572117183371098, 0.7674271129416276, 0.3575427972026806, 0.30898354151378926, 0.570021050513145, 0.8448485761221061, 0.22666341420139435]
Labels [1 1 0 0 1 1 1 1 0 0 0 0 1 0 0 1 1 0 0 1]
Accuracy 0.10000000149011612
Predictions [0.6341869245730256, 0.5209577341510074, 0.69630112094306, 0.17053930826063773, 0.01036439014115731, 0.06084744150101279, 0.2046489681543256, 0.44818422158624993, 0.7700611055391442, 0.19312203750392654, 0.32607708090550214, 0.6965736073852206, 0.09739095103819984, 0.22231733483974225, 0.31498900527222884, 0.19987454414029282, 0.4930361801080878, 0.6926239212479295, 0.05314998809999777, 0.1330865521784348]
Labels [1 1 0 0 1 1 1 1 0 0 0 0 1 0 0 1 1 0 0 1]
Accuracy 0.4000000059604645
Predictions [0.541683266435057, 0.40209524280789094, 0.7419456902881248, 0.26222274282950053, 0.002935178930525695, 0.05159455033758126, 0.13112885770026506, 0.3516478998091054, 0.8515984968587941, 0.287290838769433, 0.378956390445239, 0.7340631511315496, 0.05418944940844278, 0.29368861851515377, 0.29423526483046525, 0.15960564263895904, 0.3892471730467022, 0.7454447774109152, 0.10614939950138902, 0.06788646849067148]
Labels [1 1 0 0 1 1 1 1 0 0 0 0 1 0 0 1 1 0 0 1]
Accuracy 0.3499999940395355
Predictions [0.47347519734333965, 0.3273226664695229, 0.8036079025038824, 0.3629727713850086, 0.007580969474607568, 0.055432555263478955, 0.086846094147431, 0.28909464359053993, 0.9209319986301302, 0.3700588249863048, 0.4330389704687384, 0.7631451321514846, 0.030994621535819056, 0.3596127965312653, 0.2976473503118849, 0.14921543203235288, 0.32168778343056675, 0.7782637169379547, 0.1833959693965832, 0.03383345516410835]
Labels [1 1 0 0 1 1 1 1 0 0 0 0 1 0 0 1 1 0 0 1]
Accuracy 0.30000001192092896
