============================================================
Gradients [<tf.Tensor: shape=(130,), dtype=float32, numpy=
array([ 0.        , -0.5518579 ,  0.        ,  0.7179657 ,  0.        ,
       -0.42420712,  0.        , -0.4242071 ,  0.01700706,  0.75416285,
        0.        ,  0.04642664,  0.        ,  0.04642664,  0.        ,
        0.7821357 ,  0.        ,  0.38179302,  0.        ,  0.38179302,
        0.        , -0.8193963 , -0.03102229, -0.17233191, -0.07636645,
       -0.17233194, -0.35346058, -0.8689671 ,  0.        , -0.1983678 ,
        0.        , -0.19836783,  0.        , -0.53397685,  0.        ,
        0.0893085 ,  0.        ,  0.08930856,  0.09926376,  0.11978924,
        0.01227552,  0.04497536,  0.        ,  0.04497537,  0.        ,
       -0.34578735,  0.        ,  0.6188981 ,  0.        ,  0.61889803,
        0.        , -0.1526529 , -0.14723535, -0.7914206 , -0.49679857,
       -0.7914205 , -0.03773307, -0.31112605,  0.02407116,  0.45723808,
        0.        ,  0.45723808,  0.        , -0.66792065,  0.        ,
        0.47897175,  0.        ,  0.47897166, -0.32461023, -0.7362553 ,
        0.21311392,  0.3893484 ,  0.23102055,  0.3893484 , -0.36523703,
       -0.32140392,  0.        , -0.68346137,  0.        , -0.6834613 ,
        0.        ,  0.11732672,  0.        , -0.39044854, -0.1235772 ,
       -0.3904486 ,  0.00170388,  0.01114976, -0.5472506 , -0.64444757,
       -0.26692906, -0.64444745,  0.        , -0.46110645,  0.        ,
        0.6167007 ,  0.        ,  0.6167006 ,  0.        , -0.35662392,
        0.        ,  0.14350106,  0.01213696,  0.143501  ,  0.        ,
       -0.38129854,  0.        ,  0.6791919 ,  0.        ,  0.6791919 ,
        0.        , -0.5287931 ,  0.        , -0.11863053,  0.        ,
       -0.11863048,  0.        , -0.5424099 ,  0.        , -0.6092011 ,
        0.        , -0.6092011 ,  0.        ,  0.3348139 ,  0.        ,
       -0.18332592,  0.        , -0.18332595,  0.7578325 ,  0.83303154],
      dtype=float32)>, <tf.Tensor: shape=(2,), dtype=float32, numpy=array([-0.05845992,  1.0734494 ], dtype=float32)>]
Loss 0.26535732123233874
============================================================
Gradients [<tf.Tensor: shape=(130,), dtype=float32, numpy=
array([ 0.00000000e+00, -6.51218414e-01,  0.00000000e+00,  1.34481192e-01,
        0.00000000e+00, -2.33559489e-01,  0.00000000e+00, -2.33559489e-01,
        0.00000000e+00,  3.17618489e-01,  0.00000000e+00,  8.20422173e-02,
        0.00000000e+00,  8.20423067e-02,  0.00000000e+00,  6.83995783e-01,
        0.00000000e+00,  1.18453324e-01,  0.00000000e+00,  1.18453264e-01,
        0.00000000e+00,  5.45711696e-01,  0.00000000e+00, -3.48264039e-01,
        0.00000000e+00, -3.48264039e-01,  0.00000000e+00, -1.17886767e-01,
        0.00000000e+00, -8.92973989e-02,  0.00000000e+00, -8.92974213e-02,
        0.00000000e+00, -3.79724592e-01,  0.00000000e+00,  3.49307030e-01,
        6.86449857e-05,  3.49307060e-01, -4.70227093e-01, -5.07994533e-01,
       -7.52902925e-02, -7.59667754e-02, -7.94936121e-02, -7.59667903e-02,
       -2.48647675e-01, -2.51056194e-01,  0.00000000e+00, -6.40526772e-01,
        0.00000000e+00, -6.40526772e-01,  0.00000000e+00, -2.43111491e-01,
       -7.60655776e-02, -5.11627614e-01, -3.84989619e-01, -5.11627734e-01,
        1.01192091e-02, -2.44160593e-01, -1.42804738e-02, -5.75466394e-01,
        0.00000000e+00, -5.75466394e-01,  0.00000000e+00, -1.33967817e-01,
        0.00000000e+00,  6.51234806e-01,  2.48482469e-02,  6.51234806e-01,
       -1.18796704e-02, -2.22458780e-01, -6.92212209e-02, -6.52398169e-02,
       -3.28713059e-02, -6.52397871e-02, -7.96286091e-02, -5.28018117e-01,
        0.00000000e+00, -1.85846552e-01,  0.00000000e+00, -1.85846388e-01,
        0.00000000e+00,  3.64760160e-01, -2.81580468e-03, -5.78459978e-01,
       -7.36193210e-02, -5.78459978e-01, -1.50429988e-02,  1.17539853e-01,
       -3.73870850e-01, -3.84511530e-01, -1.60347167e-02, -3.84511590e-01,
        0.00000000e+00, -1.30651593e-02,  0.00000000e+00,  3.43849897e-01,
        0.00000000e+00,  3.43850017e-01, -1.48442999e-01, -5.39892018e-01,
        1.54002085e-01,  1.23653352e-01,  1.53545499e-01,  1.23653233e-01,
       -1.20900683e-02, -6.44161105e-02,  0.00000000e+00,  3.79958063e-01,
        0.00000000e+00,  3.79958034e-01,  0.00000000e+00,  3.47555280e-01,
        0.00000000e+00,  3.97279620e-01,  0.00000000e+00,  3.97279620e-01,
        4.62309644e-02,  3.23592633e-01,  0.00000000e+00,  1.64282262e-01,
        0.00000000e+00,  1.64282322e-01,  0.00000000e+00, -1.25738680e-01,
        0.00000000e+00, -3.46638858e-01,  0.00000000e+00, -3.46638858e-01,
       -3.92891884e-01, -3.96345586e-01], dtype=float32)>, <tf.Tensor: shape=(2,), dtype=float32, numpy=array([-3.359611 ,  0.9793628], dtype=float32)>]
Loss 4.345741040718065
============================================================
Gradients [<tf.Tensor: shape=(130,), dtype=float32, numpy=
array([ 0.        ,  0.0135757 ,  0.        ,  0.00628382,  0.        ,
       -0.01154017,  0.        , -0.01154023,  0.        ,  0.00184125,
        0.        , -0.01731253,  0.        , -0.01731256,  0.        ,
       -0.00410628,  0.        , -0.01827452,  0.        , -0.01827466,
        0.        , -0.0036478 ,  0.        , -0.00509286,  0.        ,
       -0.00509289, -0.03147578,  0.01613545,  0.03775495,  0.0066714 ,
        0.00699076,  0.00667134,  0.        ,  0.06268626,  0.        ,
        0.01634374, -0.00704313,  0.0163437 ,  0.0320967 ,  0.0624681 ,
        0.03304644,  0.05307716,  0.00618613,  0.05307715, -0.10859057,
       -0.12412459,  0.        ,  0.03957051,  0.        ,  0.0395706 ,
        0.        , -0.14063926,  0.01345138,  0.06304926,  0.05541249,
        0.0630492 , -0.00144953,  0.03928924,  0.        ,  0.03417373,
        0.        ,  0.03417373,  0.        ,  0.09684116,  0.        ,
        0.06681471,  0.        ,  0.06681472,  0.01099876,  0.15016413,
       -0.0053591 ,  0.04788239,  0.04621969,  0.04788232,  0.00019341,
        0.08249784,  0.        ,  0.03862046,  0.        ,  0.03862047,
        0.        ,  0.07164526, -0.00464643,  0.08031574,  0.04875588,
        0.08031565,  0.03884355,  0.016321  , -0.06409156, -0.00124952,
        0.05355648, -0.00124961,  0.        ,  0.09196055,  0.        ,
        0.12941888,  0.        ,  0.12941885,  0.        , -0.052818  ,
       -0.00971493,  0.01430047, -0.00843247,  0.01430047,  0.03606417,
       -0.04720573,  0.03341151,  0.06140643,  0.        ,  0.06140649,
        0.        ,  0.05675051,  0.        ,  0.05453634,  0.        ,
        0.05453629,  0.        ,  0.03671414,  0.        , -0.01236916,
        0.        , -0.01236933,  0.        , -0.00156391,  0.        ,
       -0.08087561,  0.        , -0.08087569, -0.02191965, -0.02719244],
      dtype=float32)>, <tf.Tensor: shape=(2,), dtype=float32, numpy=array([-1.6247835,  1.7674139], dtype=float32)>]
Loss 3.833444599223447
============================================================
Gradients [<tf.Tensor: shape=(130,), dtype=float32, numpy=
array([ 0.00000000e+00, -2.47614443e-01,  0.00000000e+00, -6.94867000e-02,
        4.98279405e-04,  1.32780984e-01,  0.00000000e+00,  1.32780984e-01,
        3.36419558e-03,  1.28553007e-02,  0.00000000e+00,  2.57828206e-01,
        0.00000000e+00,  2.57828176e-01,  0.00000000e+00,  1.05201125e-01,
        0.00000000e+00,  2.68628120e-01,  0.00000000e+00,  2.68628150e-01,
       -3.63001716e-03,  7.37572834e-02,  2.57773761e-04,  3.50193158e-02,
        1.08264980e-03,  3.50193158e-02,  0.00000000e+00, -2.55549699e-01,
        0.00000000e+00,  8.51514861e-02,  0.00000000e+00,  8.51514861e-02,
        0.00000000e+00, -2.77135521e-01,  0.00000000e+00,  5.23622558e-02,
       -3.55405733e-03,  5.23622483e-02, -1.99322149e-01, -2.48184398e-01,
        0.00000000e+00,  1.25720456e-01,  0.00000000e+00,  1.25720441e-01,
        0.00000000e+00,  2.31312871e-01,  0.00000000e+00, -1.42603308e-01,
        0.00000000e+00, -1.42603308e-01,  0.00000000e+00,  4.28257063e-02,
        7.04412395e-03, -2.36695647e-01, -2.36878514e-01, -2.36695647e-01,
        2.82807555e-03,  9.93509516e-02,  1.94269810e-02, -2.12443739e-01,
        5.23320958e-03, -2.12443724e-01,  0.00000000e+00,  2.51403581e-02,
        0.00000000e+00,  2.39875279e-02,  0.00000000e+00,  2.39875223e-02,
        5.02591068e-03, -2.23305225e-01,  1.74057364e-01,  1.64650247e-01,
        9.44944322e-02,  1.64650261e-01, -2.01002061e-01, -1.90397546e-01,
       -8.59145075e-05,  1.83754921e-01,  0.00000000e+00,  1.83754921e-01,
        0.00000000e+00,  5.88646717e-02,  0.00000000e+00, -5.55537380e-02,
        0.00000000e+00, -5.55537269e-02, -1.42920598e-01, -1.40133932e-01,
       -5.85103147e-02, -1.90528721e-01, -1.47744685e-01, -1.90528721e-01,
       -1.30597199e-03, -5.53221293e-02,  0.00000000e+00, -2.49531448e-01,
        0.00000000e+00, -2.49531448e-01,  0.00000000e+00, -1.11988045e-01,
        0.00000000e+00, -1.17449194e-01,  0.00000000e+00, -1.17449194e-01,
        0.00000000e+00,  1.01201892e-01,  0.00000000e+00, -2.13278487e-01,
        0.00000000e+00, -2.13278487e-01,  0.00000000e+00, -1.80566400e-01,
        0.00000000e+00, -2.03985393e-01,  0.00000000e+00, -2.03985393e-01,
        0.00000000e+00, -1.39066443e-01,  0.00000000e+00, -1.35272667e-02,
        0.00000000e+00, -1.35272630e-02,  0.00000000e+00,  2.96067186e-02,
        0.00000000e+00,  2.39192545e-01,  0.00000000e+00,  2.39192516e-01,
        1.39611617e-01,  1.39996633e-01], dtype=float32)>, <tf.Tensor: shape=(2,), dtype=float32, numpy=array([-0.07769466, -0.47612792], dtype=float32)>]
Loss 0.09172876568489303
============================================================
Gradients [<tf.Tensor: shape=(130,), dtype=float32, numpy=
array([ 0.0000000e+00, -7.3560822e-01,  0.0000000e+00, -4.4121146e-03,
        0.0000000e+00,  2.5991686e-02,  0.0000000e+00,  2.5991671e-02,
        0.0000000e+00,  2.3477158e-01,  0.0000000e+00,  3.7595528e-01,
        0.0000000e+00,  3.7595522e-01,  0.0000000e+00,  5.9271824e-01,
        0.0000000e+00,  4.2212480e-01,  0.0000000e+00,  4.2212480e-01,
        0.0000000e+00,  4.8750618e-01,  0.0000000e+00, -1.6727692e-01,
       -5.7578843e-02, -1.6727693e-01, -2.8153327e-01, -4.3620437e-01,
        0.0000000e+00, -2.9463547e-01,  0.0000000e+00, -2.9463547e-01,
        0.0000000e+00, -6.0538298e-01,  0.0000000e+00, -1.2467489e-02,
        0.0000000e+00, -1.2467485e-02, -4.7788209e-01, -6.8781161e-01,
       -7.3663987e-02, -8.5722014e-02,  0.0000000e+00, -8.5722029e-02,
        0.0000000e+00,  5.5599189e-01,  0.0000000e+00, -4.1971663e-01,
        0.0000000e+00, -4.1971663e-01,  0.0000000e+00,  4.7947502e-01,
       -1.0001781e-01, -5.3730762e-01, -4.3072772e-01, -5.3730762e-01,
       -9.9854833e-03, -1.1578011e-01,  0.0000000e+00, -4.4258219e-01,
        0.0000000e+00, -4.4258219e-01,  0.0000000e+00, -3.3092183e-01,
        0.0000000e+00, -4.7163516e-03,  0.0000000e+00, -4.7163442e-03,
       -3.4225449e-01, -7.1410578e-01, -8.5531272e-02, -1.0693102e-01,
       -1.0123111e-01, -1.0693099e-01, -5.1004076e-01, -7.3947316e-01,
        0.0000000e+00, -6.7130476e-04,  0.0000000e+00, -6.7130476e-04,
        0.0000000e+00, -1.9460629e-01,  0.0000000e+00, -5.7711118e-01,
       -1.2999265e-01, -5.7711118e-01, -4.0573141e-01, -4.5411307e-01,
       -5.3664446e-01, -5.4896355e-01, -1.2911534e-01, -5.4896355e-01,
        0.0000000e+00, -2.0435473e-01,  0.0000000e+00, -5.5200845e-01,
        0.0000000e+00, -5.5200839e-01,  0.0000000e+00, -3.7449592e-01,
        0.0000000e+00, -2.0004362e-01, -3.1258840e-02, -2.0004365e-01,
        0.0000000e+00, -2.2174910e-02,  0.0000000e+00, -4.6643013e-01,
        0.0000000e+00, -4.6643013e-01,  0.0000000e+00, -3.7187454e-01,
        0.0000000e+00, -5.1522112e-01,  0.0000000e+00, -5.1522112e-01,
        0.0000000e+00, -3.9057216e-01,  0.0000000e+00, -2.7198583e-01,
        0.0000000e+00, -2.7198583e-01,  0.0000000e+00,  1.8506353e-01,
        0.0000000e+00,  3.6780524e-01,  0.0000000e+00,  3.6780527e-01,
        5.2650350e-01,  5.2954036e-01], dtype=float32)>, <tf.Tensor: shape=(2,), dtype=float32, numpy=array([-0.23829313, -0.83514595], dtype=float32)>]
Loss 0.28000617403600114
