============================================================
Gradients [ 0.00000000e+00  9.45524126e-03  0.00000000e+00 -8.02122429e-02
  0.00000000e+00  8.98385346e-02  0.00000000e+00  8.98385346e-02
  0.00000000e+00 -1.20520279e-01  0.00000000e+00  1.60492919e-02
  0.00000000e+00  1.60492994e-02  0.00000000e+00 -1.48721218e-01
  0.00000000e+00  2.31204890e-02  0.00000000e+00  2.31204927e-02
  0.00000000e+00 -9.81073976e-02  0.00000000e+00  6.07960820e-02
  0.00000000e+00  6.07960820e-02  0.00000000e+00 -1.35147840e-01
  0.00000000e+00  4.95866500e-02  0.00000000e+00  4.95866500e-02
  0.00000000e+00  1.17419086e-01  0.00000000e+00  9.40948427e-02
  9.00951345e-05  9.40948427e-02  2.22214460e-02  4.91929650e-02
  1.16625056e-01  1.17388353e-01  1.08423002e-01  1.17388353e-01
 -1.42449364e-02 -3.56692672e-02  0.00000000e+00  1.04984920e-03
  0.00000000e+00  1.04984827e-03  0.00000000e+00 -1.06749080e-01
 -6.17718615e-04 -1.34816542e-02 -1.33460835e-02 -1.34816533e-02
  6.91837957e-03 -6.03159964e-02  6.11992378e-04 -5.75357638e-02
  0.00000000e+00 -5.75357676e-02  0.00000000e+00 -7.74244443e-02
  0.00000000e+00 -8.16556811e-02 -5.90468273e-02 -8.16556886e-02
  2.57810252e-03 -5.92415966e-02  2.50678156e-02 -8.20592716e-02
  3.27826012e-03 -8.20592642e-02  2.98061632e-02  5.77013418e-02
  0.00000000e+00 -1.13387108e-02  0.00000000e+00 -1.13387033e-02
  0.00000000e+00 -9.32363123e-02  1.71888329e-03  3.74409631e-02
  4.49402705e-02  3.74409631e-02 -3.40103284e-02 -9.61904228e-02
 -7.02679232e-02 -7.07200542e-02 -1.14577236e-02 -7.07200542e-02
  0.00000000e+00  2.64542438e-02  0.00000000e+00 -1.05534464e-01
  0.00000000e+00 -1.05534464e-01  9.47936252e-03 -2.95608435e-02
  3.23633216e-02 -6.99086636e-02  3.22673842e-02 -6.99086636e-02
  3.57367843e-03 -3.82222533e-02  0.00000000e+00 -4.89885472e-02
  0.00000000e+00 -4.89885546e-02  0.00000000e+00 -9.48677659e-02
  0.00000000e+00  5.14686480e-03  0.00000000e+00  5.14685735e-03
  5.00777783e-03 -6.79369196e-02  0.00000000e+00  2.38967910e-02
  0.00000000e+00  2.38967929e-02  0.00000000e+00  7.22654164e-03
  0.00000000e+00 -2.97844298e-02  0.00000000e+00 -2.97844280e-02
  7.71742761e-02  7.72281140e-02]
Loss 1.9787403189082928
============================================================
Gradients [ 0.         -0.02268118  0.          0.12814374  0.         -0.14503188
  0.         -0.14503188 -0.00912555  0.18636099  0.         -0.00415713
  0.         -0.00415712  0.          0.23978075  0.         -0.02143449
  0.         -0.02143448  0.07997065  0.16957974 -0.03737408  0.08267117
 -0.03664404  0.08267118  0.04623647  0.1617386   0.         -0.15239978
  0.         -0.15239975  0.          0.08531362  0.         -0.31066975
 -0.07597948 -0.31066978  0.07172099  0.00778058  0.         -0.25055248
  0.         -0.25055245  0.          0.21725696  0.          0.15296172
  0.          0.15296173  0.          0.06667688  0.13571641  0.18948266
  0.00221778  0.18948264  0.          0.09954827  0.         -0.13996899
  0.         -0.13996899  0.          0.05573487  0.         -0.22274004
  0.         -0.22274     0.03103026  0.05413234  0.02462923 -0.22420861
 -0.12371629 -0.22420861 -0.01244313 -0.0144486  -0.0045948   0.144104
  0.          0.14410399  0.         -0.09295355  0.          0.15109602
  0.00328601  0.15109605 -0.09344845  0.04264843  0.00525575  0.24495429
  0.23060346  0.24495429  0.00225823 -0.03202377  0.          0.2855097
  0.          0.28550977  0.          0.00664736  0.          0.25732577
  0.240247    0.25732574  0.17034379  0.15276739  0.01982865  0.04540481
  0.          0.04540484  0.          0.25477493  0.         -0.0248905
  0.         -0.0248905   0.          0.21232969  0.         -0.07359526
  0.         -0.0735952   0.          0.05234272  0.          0.05689559
  0.          0.05689559 -0.22293526 -0.23278396]
Loss 1.1648952058318733
============================================================
Gradients [ 0.          0.55134034  0.         -0.07509695  0.          0.4982785
  0.          0.4982785   0.          0.1768121   0.          0.21781813
  0.          0.21781813  0.         -0.09854493  0.          0.41192037
  0.          0.4119204  -0.00352394 -0.36633405  0.08225589  0.35460514
  0.03670382  0.3546051   0.03211974  0.15693662  0.          0.43119904
  0.          0.43119907  0.          0.04237247  0.         -0.02406225
 -0.1707128  -0.02406228  0.14531249  0.18595374  0.07628031 -0.14403671
  0.01634162 -0.14403674 -0.13457254 -0.45075336  0.         -0.13076818
  0.         -0.1307682   0.          0.32781965 -0.11620525 -0.16978955
 -0.11828862 -0.16978954 -0.03914726 -0.16380842 -0.36270648 -0.49235687
 -0.17596842 -0.49235687  0.         -0.19410606  0.         -0.41176233
  0.00607629 -0.41176236  0.02610128 -0.06524346 -0.10943683 -0.3822825
  0.00857706 -0.38228238  0.09589065  0.4899236   0.08190747  0.09998628
  0.01878056  0.09998627  0.         -0.24678783 -0.06180662  0.29398096
 -0.04586389  0.29398102  0.         -0.10708797 -0.03489083  0.27732873
 -0.08099093  0.27732873 -0.20303789 -0.21867794 -0.00941039 -0.38429257
  0.         -0.3842925   0.         -0.54315275 -0.3272944  -0.39322263
 -0.3786683  -0.39322263 -0.4673472  -0.54299945  0.1768385   0.13262999
  0.01647923  0.13263     0.         -0.695004    0.          0.21527617
  0.          0.21527614  0.         -0.6582402   0.          0.27487254
  0.          0.27487254  0.         -0.37193462  0.         -0.03848111
  0.         -0.03848111  0.7172619   0.7211645 ]
Loss 1.4483728611553146
============================================================
Gradients [ 0.         -0.3010397   0.         -0.11353148  0.         -0.11806931
  0.         -0.11806931  0.         -0.33640343  0.         -0.08813003
  0.         -0.08813003  0.         -0.22740118  0.         -0.19353756
  0.         -0.19353756  0.          0.04514873 -0.09969787 -0.07010408
 -0.12209962 -0.07010407  0.00163098 -0.39420918  0.03734243 -0.0913225
  0.         -0.09132251  0.          0.20761593  0.          0.26927966
  0.15226702  0.26927966 -0.00973288  0.01947871  0.01513204  0.36191103
  0.00112265  0.361911    0.          0.12195924  0.          0.07577782
  0.          0.07577781  0.         -0.39615387  0.11610281  0.06012291
 -0.05260037  0.06012293  0.01953267  0.3836332   0.          0.16560057
  0.          0.16560057  0.          0.31785077  0.         -0.1094034
  0.         -0.10940339  0.08744927  0.18757638 -0.19206691 -0.22982018
 -0.15866628 -0.22982019 -0.31179655 -0.34758747 -0.07805881  0.02789232
 -0.02130426  0.02789234  0.          0.32938588  0.         -0.2903147
 -0.26357356 -0.29031467  0.23681657  0.2971213   0.07678064  0.08118765
  0.10960633  0.08118764  0.4150195   0.3180925   0.00301864  0.01270156
  0.          0.01270156  0.         -0.11286715 -0.00813016  0.12100606
 -0.04653549  0.12100606  0.00115852  0.01388643  0.         -0.34525067
  0.         -0.3452507   0.         -0.00262813  0.         -0.16223714
  0.         -0.16223714  0.          0.10873491  0.         -0.06264196
  0.         -0.06264199  0.          0.30393434  0.         -0.12937753
  0.         -0.12937751 -0.10862999 -0.10553701]
Loss 1.6645054969082427
============================================================
Gradients [ 0.         -0.6937324   0.         -0.2937599  -0.02243205 -0.24431545
  0.         -0.24431546  0.         -0.835297    0.         -0.16402371
  0.         -0.1640237   0.         -0.5855567   0.         -0.41343272
  0.         -0.41343272  0.04625434  0.09572159  0.         -0.2739203
  0.05699354 -0.2739203  -0.18334402 -0.36176383  0.         -0.5075666
  0.         -0.5075665   0.          0.38511613  0.         -0.08401899
 -0.01185469 -0.08401894  0.09351946 -0.3469586   0.02803319  0.07442769
  0.          0.07442766  0.          0.14730735  0.          0.0103569
  0.          0.01035699  0.         -0.14824203  0.02493065  0.02024385
 -0.38498324  0.02024388 -0.06024521 -0.13505134  0.35661417  0.761569
  0.09606414  0.761569    0.         -0.16907784  0.          0.5322702
  0.          0.53227025 -0.1082018  -0.3662039   0.2040298   0.49406606
  0.38720968  0.49406612 -0.17783311 -0.41645473 -0.30599505 -0.7056219
  0.         -0.7056219   0.          0.57172936  0.         -0.29041815
 -0.05348186 -0.29041815 -0.04285075 -0.1119858   0.4582162   0.49129552
  0.2782156   0.49129558  0.00144553  0.7266944   0.          0.4289725
  0.          0.42897245  0.          0.08048724  0.          0.6436546
  0.08499476  0.6436546   0.          0.20029959  0.         -0.80079293
  0.         -0.800793    0.          0.38240477  0.         -0.48245716
  0.         -0.48245716  0.          0.5908046   0.         -0.30862066
  0.         -0.30862063  0.          0.8356551   0.         -0.26932982
  0.         -0.26932985 -0.6159226  -0.6258005 ]
Loss 0.8754700619457152
============================================================
Gradients [ 0.00000000e+00  5.81865907e-02  0.00000000e+00 -3.24405551e-01
  0.00000000e+00  3.64392757e-01  0.00000000e+00  3.64392757e-01
  0.00000000e+00 -4.72679645e-01  0.00000000e+00  8.52133036e-02
  0.00000000e+00  8.52133036e-02  0.00000000e+00 -5.92702866e-01
  0.00000000e+00  1.03565186e-01  0.00000000e+00  1.03565142e-01
  0.00000000e+00 -3.57130587e-01  1.11880861e-02  2.68345416e-01
  3.50998784e-03  2.68345416e-01 -4.40895334e-02 -5.45061111e-01
  2.83620894e-01  6.09728336e-01  3.91587093e-02  6.09728396e-01
  0.00000000e+00  9.67878550e-02  0.00000000e+00  7.03573585e-01
  2.41976991e-01  7.03573585e-01  1.27411827e-01  1.58224255e-01
  9.04453322e-02  6.34101391e-01  1.72605610e-03  6.34101391e-01
  0.00000000e+00 -1.96414798e-01  0.00000000e+00 -4.41334620e-02
  0.00000000e+00 -4.41334546e-02  0.00000000e+00 -4.24008816e-01
 -1.10168174e-01 -1.09343633e-01 -1.18107647e-01 -1.09343633e-01
 -3.03433478e-01 -4.68746006e-01 -1.84249938e-01 -5.91999054e-01
  0.00000000e+00 -5.91999054e-01  0.00000000e+00 -2.66950190e-01
  0.00000000e+00 -1.60461813e-02  0.00000000e+00 -1.60461664e-02
 -1.04070261e-01  3.64628881e-02  7.63985002e-03  7.79150724e-02
 -2.04384416e-01  7.79150575e-02  6.32887299e-04  5.99785388e-01
 -4.23357338e-02  2.09761977e-01  0.00000000e+00  2.09761932e-01
  0.00000000e+00 -6.77706063e-01  0.00000000e+00 -2.26651505e-01
 -1.32048339e-01 -2.26651490e-01 -1.41628861e-01 -4.00086582e-01
 -1.62758434e-03 -3.22438538e-01 -2.45406806e-01 -3.22438538e-01
  0.00000000e+00 -6.04320765e-01  0.00000000e+00 -3.19335699e-01
  0.00000000e+00 -3.19335699e-01  0.00000000e+00 -1.63079709e-01
 -3.33181210e-02 -4.84103143e-01 -2.18161613e-01 -4.84103173e-01
 -1.24235585e-01 -1.37955666e-01  3.22538078e-01  5.54160893e-01
  0.00000000e+00  5.54160833e-01  0.00000000e+00 -3.52411449e-01
  0.00000000e+00  3.58242631e-01  0.00000000e+00  3.58242691e-01
  0.00000000e+00 -4.82657731e-01  0.00000000e+00  2.50534952e-01
  0.00000000e+00  2.50534952e-01  0.00000000e+00 -6.08463407e-01
  0.00000000e+00  1.82639107e-01  0.00000000e+00  1.82639107e-01
  5.10328412e-01  5.10975122e-01]
Loss 1.2677590649991326
============================================================
Gradients [ 0.0000000e+00  7.0920777e-01  0.0000000e+00  2.4123958e-01
  0.0000000e+00  3.1544721e-01  0.0000000e+00  3.1544718e-01
  0.0000000e+00  7.5178516e-01  0.0000000e+00  1.9851695e-01
  0.0000000e+00  1.9851694e-01  0.0000000e+00  4.7707498e-01
  0.0000000e+00  4.4499841e-01  0.0000000e+00  4.4499844e-01
  0.0000000e+00 -1.5929973e-01  0.0000000e+00  1.6000400e-01
  0.0000000e+00  1.6000403e-01  6.1505236e-02  5.4364163e-01
  0.0000000e+00  4.9519318e-01  0.0000000e+00  4.9519318e-01
  0.0000000e+00 -7.1435130e-01  0.0000000e+00  1.1147320e-01
  0.0000000e+00  1.1147319e-01  1.0483479e-01  2.3596054e-01
  1.1838917e-01 -1.4273901e-01 -1.3563278e-01 -1.4273904e-01
 -2.0254464e-01 -5.3376561e-01  0.0000000e+00  1.3334526e-01
  0.0000000e+00  1.3334528e-01  0.0000000e+00  2.9823214e-01
  6.3102782e-02  7.9120487e-02  1.5063033e-01  7.9120487e-02
 -6.0183927e-04  2.0405649e-01  0.0000000e+00 -6.8905234e-01
  0.0000000e+00 -6.8905234e-01  0.0000000e+00  2.2329457e-01
  0.0000000e+00 -4.0450472e-01  0.0000000e+00 -4.0450475e-01
 -1.3505275e-02  4.2087388e-01 -1.6844468e-02 -4.0904492e-01
 -4.7598165e-02 -4.0904492e-01  5.6717429e-02  2.6851857e-01
  0.0000000e+00  5.9481645e-01  0.0000000e+00  5.9481633e-01
  0.0000000e+00 -3.7762865e-01 -4.0274173e-02  4.7808811e-02
 -4.8690706e-02  4.7808811e-02  6.6714190e-02 -1.0072093e-01
 -2.8171098e-01 -2.3390554e-01  8.8558212e-02 -2.3390552e-01
  0.0000000e+00 -8.1061816e-01  0.0000000e+00 -2.2605143e-01
  0.0000000e+00 -2.2605145e-01  0.0000000e+00 -2.6029411e-01
 -5.1296331e-05 -4.4765836e-01 -5.0165178e-03 -4.4765842e-01
  5.1956162e-02 -9.5457673e-02  2.4951807e-01  8.2728881e-01
  0.0000000e+00  8.2728887e-01  0.0000000e+00 -2.6791066e-01
  0.0000000e+00  4.8664731e-01  0.0000000e+00  4.8664731e-01
  0.0000000e+00 -4.8919344e-01  0.0000000e+00  2.8916267e-01
  0.0000000e+00  2.8916264e-01  0.0000000e+00 -8.1351590e-01
  0.0000000e+00  3.1290817e-01  0.0000000e+00  3.1290817e-01
  4.3959638e-01  5.0797582e-01]
Loss 1.0959922704797629
============================================================
Gradients [ 0.00000000e+00  2.52323896e-01  0.00000000e+00 -3.07254344e-01
  0.00000000e+00  4.95880306e-01  0.00000000e+00  4.95880395e-01
  0.00000000e+00 -3.46129358e-01  0.00000000e+00  1.48488581e-01
  0.00000000e+00  1.48488581e-01  0.00000000e+00 -5.55227280e-01
  0.00000000e+00  2.30249509e-01  0.00000000e+00  2.30249509e-01
  0.00000000e+00 -4.46825385e-01  0.00000000e+00  3.49759638e-01
  5.36318347e-02  3.49759638e-01 -1.36332184e-01 -4.54931974e-01
  6.12505116e-02  3.45539153e-01  0.00000000e+00  3.45539123e-01
  0.00000000e+00  4.72252488e-01  0.00000000e+00  3.72098327e-01
  8.35881103e-04  3.72098327e-01  8.83988962e-02  3.46305907e-01
  2.65652508e-01  4.35201854e-01  2.65652508e-01  4.35201854e-01
 -2.41003692e-01  7.70035386e-03  0.00000000e+00  1.32387578e-01
  0.00000000e+00  1.32387608e-01  0.00000000e+00 -3.13686728e-01
 -1.04513792e-02  1.07049718e-01  1.24452911e-01  1.07049763e-01
  1.74169836e-03  3.35298002e-01  0.00000000e+00 -2.45546848e-01
  0.00000000e+00 -2.45546862e-01  0.00000000e+00  3.04620743e-01
  0.00000000e+00 -2.67566442e-01  0.00000000e+00 -2.67566472e-01
  1.91257954e-01  3.20129603e-01 -2.39143252e-01 -3.33092958e-01
 -2.21339896e-01 -3.33092988e-01 -6.62734583e-02 -1.80018947e-01
  0.00000000e+00  4.42894876e-01  0.00000000e+00  4.42894876e-01
  0.00000000e+00  1.85955018e-02  3.05432454e-02  2.69780308e-01
  2.10269675e-01  2.69780308e-01 -4.12307754e-02  1.30910933e-01
 -1.66435033e-01 -3.68082374e-02  1.40321538e-01 -3.68082523e-02
  0.00000000e+00 -6.79397583e-03  0.00000000e+00 -5.44119477e-02
  0.00000000e+00 -5.44119775e-02  0.00000000e+00 -2.31225491e-02
 -1.40869860e-02 -5.11344671e-02 -3.16884443e-02 -5.11344671e-02
  3.52339121e-03 -2.41804868e-02  0.00000000e+00  1.13279745e-02
  0.00000000e+00  1.13279521e-02  0.00000000e+00 -5.49336374e-02
  0.00000000e+00  2.00321898e-02  0.00000000e+00  2.00322196e-02
  0.00000000e+00 -5.16836047e-02  0.00000000e+00  2.50020921e-02
  0.00000000e+00  2.50020623e-02  0.00000000e+00 -2.85092443e-02
  0.00000000e+00 -1.30843371e-04  0.00000000e+00 -1.30819157e-04
  7.88946152e-02  5.80256879e-02]
Loss 0.9465526666643737
============================================================
Gradients [ 0.00000000e+00 -9.62255180e-01  0.00000000e+00 -1.36358440e-01
  0.00000000e+00 -6.23107612e-01  0.00000000e+00 -6.23107612e-01
 -7.61141675e-03 -7.21740723e-01 -3.78330820e-04 -2.94372857e-01
  0.00000000e+00 -2.94372857e-01  0.00000000e+00 -2.78226137e-01
  0.00000000e+00 -6.25577033e-01 -6.75209519e-03 -6.25576973e-01
  0.00000000e+00  4.38306451e-01  0.00000000e+00 -3.39076549e-01
 -1.34306610e-01 -3.39076579e-01  2.32162676e-03 -1.17878124e-01
  0.00000000e+00 -9.45490599e-01  0.00000000e+00 -9.45490658e-01
  0.00000000e+00  1.21920168e-01 -6.35299310e-02 -3.88376534e-01
  0.00000000e+00 -3.88376594e-01 -1.05681280e-02 -6.50269210e-01
 -1.55493081e-01 -1.25600219e-01  4.12866846e-02 -1.25600219e-01
  3.76799889e-02  7.22650766e-01  0.00000000e+00  5.00624835e-01
  0.00000000e+00  5.00624776e-01 -1.42873734e-01 -3.76093984e-01
  0.00000000e+00  4.69289422e-01  1.50358573e-01  4.69289452e-01
 -7.30466172e-02 -1.93176284e-01  4.97586355e-02  9.01124120e-01
  2.16372266e-01  9.01124060e-01  0.00000000e+00 -1.71277761e-01
  0.00000000e+00  3.06517303e-01  2.71628667e-02  3.06517303e-01
 -1.75707620e-02 -6.26406789e-01  2.67061800e-01  3.50553155e-01
  1.26514837e-01  3.50553155e-01 -1.54954925e-01 -3.14989865e-01
 -2.48354867e-01 -9.32339787e-01  0.00000000e+00 -9.32339787e-01
  0.00000000e+00  3.38769078e-01  0.00000000e+00  3.60784009e-02
  1.37039321e-02  3.60784158e-02 -1.70288235e-01 -3.49264205e-01
  3.19235772e-01  5.21522462e-01  1.94070026e-01  5.21522462e-01
  0.00000000e+00  6.78565562e-01  0.00000000e+00  3.28623027e-01
  0.00000000e+00  3.28622997e-01  0.00000000e+00 -1.59160987e-01
  0.00000000e+00  5.51011503e-01  0.00000000e+00  5.51011562e-01
  0.00000000e+00  7.55818188e-03  0.00000000e+00 -8.74100804e-01
  0.00000000e+00 -8.74100804e-01  0.00000000e+00  1.47363782e-01
  0.00000000e+00 -5.51900268e-01  0.00000000e+00 -5.51900268e-01
  0.00000000e+00  3.88279736e-01  0.00000000e+00 -3.29093516e-01
  0.00000000e+00 -3.29093575e-01  0.00000000e+00  7.97305167e-01
  0.00000000e+00 -4.03528392e-01  0.00000000e+00 -4.03528422e-01
 -4.25566941e-01 -4.37290370e-01]
Loss 1.0370518246230982
============================================================
Gradients [ 0.         -0.7630677   0.         -0.02081192  0.         -0.5808178
  0.         -0.5808178  -0.02286244 -0.4343807   0.         -0.25018692
  0.         -0.25018692  0.         -0.05884601  0.         -0.50744635
  0.         -0.50744635  0.          0.43417454 -0.02235951 -0.32989568
 -0.03354264 -0.32989565  0.11019323 -0.2353807   0.         -0.39867273
  0.         -0.39867276  0.          0.3717706   0.         -0.18367067
  0.         -0.18367073 -0.06953324 -0.19948098 -0.2940818  -0.0009068
  0.         -0.00090683  0.          0.3218113   0.         -0.15175001
  0.         -0.15174997  0.         -0.15340394  0.00205055 -0.11935346
 -0.10557187 -0.11935341  0.02767191  0.41372338  0.10887295  0.57872975
  0.          0.57872975  0.          0.43483716  0.          0.3600322
  0.          0.36003217 -0.00503709  0.21644157  0.328547    0.40177375
  0.19717938  0.40177378 -0.08956753 -0.6589916   0.         -0.27297035
  0.         -0.27297038  0.          0.72706044  0.          0.12009012
  0.01664776  0.1200901   0.11026965  0.31953147  0.29641247  0.5036243
  0.12858662  0.5036243   0.          0.18272078  0.          0.6003002
  0.          0.6003002   0.          0.11465504  0.          0.6178216
  0.19799548  0.61782163  0.          0.22788186  0.         -0.28187805
  0.         -0.28187805  0.          0.56204426  0.         -0.31244296
  0.         -0.31244293  0.          0.57547724  0.         -0.31845006
  0.         -0.31845003  0.          0.4283015   0.         -0.08818699
  0.         -0.08818699 -0.5877557  -0.65051144]
Loss 1.4153681433288297
