Epoch 0
Batch 0
Elements in batch (train-step): ((2, 2))
Loss (train-step): (0.7401881037477009)
Grad (train-step): ([ 0.00000000e+00  9.55371320e-01  0.00000000e+00 -4.13210541e-01
  0.00000000e+00  2.17829883e-01  0.00000000e+00  2.17829883e-01
  0.00000000e+00 -1.03752398e+00  0.00000000e+00  3.07932615e-01
  0.00000000e+00  3.07932615e-01  0.00000000e+00 -5.69811046e-01
  0.00000000e+00 -5.85432649e-02  0.00000000e+00 -5.85432872e-02
  0.00000000e+00 -4.07527685e-01  0.00000000e+00 -9.77525592e-01
 -4.92558002e-01 -9.77525592e-01 -4.68761772e-02 -4.14380670e-01
  0.00000000e+00 -9.06250596e-01  0.00000000e+00 -9.06250596e-01
  0.00000000e+00 -1.11374035e-01  0.00000000e+00 -7.72734284e-01
 -1.61845889e-02 -7.72734284e-01 -2.30237484e-01 -7.18267798e-01
 -4.45387125e-01 -5.53706527e-01 -2.23591745e-01 -5.53706527e-01
 -4.65664752e-02 -9.21313763e-01  0.00000000e+00 -4.87824827e-01
  0.00000000e+00 -4.87824857e-01  0.00000000e+00  9.22860920e-01
 -6.59244508e-02 -2.13051930e-01 -6.59244508e-02 -2.13051915e-01
 -5.00428796e-01 -9.13599372e-01 -1.19659387e-01 -4.99599516e-01
 -1.53820634e-01 -4.99599516e-01  0.00000000e+00 -3.08526903e-01
  0.00000000e+00 -5.52066445e-01 -1.02593094e-01 -5.52066386e-01
 -3.56635451e-01 -1.32714987e-01 -2.19713777e-01 -5.48304737e-01
  4.16095776e-04 -5.48304677e-01  1.52518317e-01  9.59017277e-02
  2.79980361e-01 -3.63834828e-01  0.00000000e+00 -3.63834888e-01
  0.00000000e+00  2.46236250e-01  3.22344095e-01 -3.49312633e-01
  3.21946472e-01 -3.49312603e-01 -2.80730426e-04 -3.96834314e-03
  1.33265734e-01 -3.75229031e-01  1.33265734e-01 -3.75229031e-01
  7.14137033e-02 -2.58815825e-01  0.00000000e+00 -2.00936437e-01
  0.00000000e+00 -2.00936466e-01  4.88773966e-03 -3.54104102e-01
  2.86361575e-01 -1.90867156e-01  1.76483095e-02 -1.90867186e-01
  8.92053824e-03 -8.76750946e-02  1.20701338e-03 -2.65242532e-02
  0.00000000e+00 -2.65242383e-02  0.00000000e+00  2.36929223e-01
  0.00000000e+00 -5.87901771e-02  0.00000000e+00 -5.87901846e-02
  0.00000000e+00  2.92813778e-01  0.00000000e+00 -4.37036976e-02
  0.00000000e+00 -4.37036976e-02  0.00000000e+00 -1.78782493e-02
  0.00000000e+00 -6.29085973e-02  0.00000000e+00 -6.29086122e-02
 -1.51803613e-01 -2.20390975e-01])
Elements in batch (training-loop) (2, 2)
Parametri: [-1.1778836   0.94710237 -0.06050527 -1.0491941   0.48046085 -1.0525441
 -0.42642835  2.0137453   2.5086844   0.73934036  1.3795642  -0.8354803
 -0.7214995   1.8371274  -0.09689209  0.40587214 -2.259702   -0.38999903
  0.5060528   0.56069976]
Epoch 0
Batch 1
Elements in batch (train-step): ((2, 2))
Loss (train-step): (0.7828337062472466)
Grad (train-step): ([ 0.0000000e+00  6.3956398e-01  0.0000000e+00  5.0093007e-01
  0.0000000e+00  6.3116711e-01  0.0000000e+00  6.3116705e-01
  0.0000000e+00 -2.0597151e-02  0.0000000e+00  8.8774770e-01
  0.0000000e+00  8.8774770e-01  0.0000000e+00 -4.2105936e-02
  0.0000000e+00  8.1660736e-01  0.0000000e+00  8.1660736e-01
  0.0000000e+00  1.7658565e-02  0.0000000e+00 -1.0923341e-01
 -8.8566311e-02 -1.0923340e-01 -5.4171635e-03 -9.2993028e-02
 -6.4682699e-04 -6.6312873e-01  0.0000000e+00 -6.6312867e-01
  0.0000000e+00  5.5540520e-01  0.0000000e+00 -6.9891226e-01
  0.0000000e+00 -6.9891226e-01  0.0000000e+00  4.3689325e-02
  3.2504195e-01  3.3189654e-01  4.5110187e-03  3.3189654e-01
  0.0000000e+00 -4.6337420e-01  0.0000000e+00  4.7881672e-01
  0.0000000e+00  4.7881675e-01  0.0000000e+00  4.6520078e-01
  0.0000000e+00  7.4161351e-01  3.5389757e-04  7.4161357e-01
 -4.2255089e-01 -4.2927647e-01 -6.9085642e-04  7.3105946e-02
  0.0000000e+00  7.3105954e-02  0.0000000e+00  6.1317825e-01
  0.0000000e+00  1.5014717e-02  0.0000000e+00  1.5014712e-02
  3.2018137e-04  7.8504807e-01 -4.2507626e-02 -2.6154453e-01
 -2.0545921e-01 -2.6154453e-01  0.0000000e+00  8.8520972e-03
  0.0000000e+00 -3.0552831e-01  0.0000000e+00 -3.0552828e-01
  0.0000000e+00  1.9179656e-01  0.0000000e+00 -4.4974381e-01
 -1.2000661e-02 -4.4974381e-01 -2.6022863e-01 -3.1929529e-01
  1.1180910e-02  1.8415553e-02  0.0000000e+00  1.8415563e-02
  0.0000000e+00 -5.3275949e-01  0.0000000e+00 -3.3874848e-01
  0.0000000e+00 -3.3874848e-01 -1.5157751e-02 -8.8221617e-02
 -5.8575335e-04 -4.9383968e-01 -3.5578725e-01 -4.9383968e-01
  2.6137942e-01  6.4297920e-01  0.0000000e+00 -7.7158518e-02
 -4.8935362e-05 -7.7158503e-02  0.0000000e+00 -1.9425730e-01
  0.0000000e+00 -2.2546981e-01  0.0000000e+00 -2.2546981e-01
  0.0000000e+00  2.7025396e-01  0.0000000e+00  1.6032089e-01
  0.0000000e+00  1.6032088e-01  0.0000000e+00 -7.7062023e-01
  0.0000000e+00  1.3742442e-01  0.0000000e+00  1.3742442e-01
 -7.8475523e-01 -7.9091418e-01])
Elements in batch (training-loop) (2, 2)
Parametri: [-1.1778836   0.9461315  -0.06050527 -1.049342    0.48046085 -1.0534661
 -0.42642835  2.0128233   2.5086844   0.74002504  1.3795642  -0.83640283
 -0.7214995   1.8362049  -0.09689209  0.40659523 -2.259702   -0.39069337
  0.5060528   0.5600054 ]
Epoch 0
Batch 2
Elements in batch (train-step): ((2, 2))
Loss (train-step): (0.09039624228018953)
Grad (train-step): ([ 0.          0.09232726  0.         -0.17647067  0.         -0.0643293
  0.         -0.0643293   0.         -0.21875069  0.         -0.08941863
  0.         -0.08941864  0.         -0.11610423  0.         -0.15545659
  0.         -0.15545657  0.         -0.0917072   0.         -0.18973279
 -0.01309299 -0.18973279 -0.08766595 -0.10822432 -0.08784146 -0.1823182
  0.         -0.18231818  0.         -0.06963105  0.         -0.15116593
  0.         -0.15116593 -0.10551763 -0.16030322 -0.14173916 -0.15303096
 -0.14962465 -0.15303096 -0.02930334 -0.16562428  0.         -0.14915845
  0.         -0.14915842  0.          0.16577421 -0.09603415 -0.09227403
 -0.08761907 -0.09227404 -0.02820235 -0.18656169 -0.02581663 -0.10467605
 -0.04921651 -0.10467606  0.         -0.03579696  0.         -0.12229244
 -0.07391784 -0.12229243 -0.01554211 -0.00223858 -0.02890262 -0.17425756
 -0.00488999 -0.17425756 -0.06473699 -0.11984415 -0.04225256 -0.10929734
  0.         -0.10929733  0.          0.18353507 -0.04955837 -0.09199266
 -0.01563541 -0.09199265  0.01146952  0.15785854 -0.08218742 -0.13039356
 -0.10367054 -0.13039358  0.         -0.19869468  0.         -0.11624587
  0.         -0.11624587 -0.02288345 -0.19749002 -0.11975101 -0.12471203
 -0.11122974 -0.12471203 -0.09240194 -0.19500151  0.         -0.0260582
  0.         -0.02605821  0.          0.23697208  0.         -0.0247674
  0.         -0.02476739  0.          0.19420034  0.         -0.08483931
  0.         -0.08483931  0.          0.12590209  0.         -0.09698009
  0.         -0.09698009 -0.03759119 -0.03783781])
Elements in batch (training-loop) (2, 2)
Parametri: [-1.1778836   0.9453323  -0.06050527 -1.0492847   0.48046085 -1.0541142
 -0.42642835  2.0121753   2.5086844   0.7406748   1.3795642  -0.8370522
 -0.7214995   1.8355556  -0.09689209  0.4072703  -2.259702   -0.39110142
  0.5060528   0.5595974 ]
Epoch 0
Batch 3
Elements in batch (train-step): ((2, 2))
Loss (train-step): (0.633499093839517)
Grad (train-step): ([ 0.0000000e+00  7.7811557e-01  0.0000000e+00 -7.6948577e-03
  0.0000000e+00  3.8283202e-01  0.0000000e+00  3.8283205e-01
  0.0000000e+00 -5.5862981e-01  0.0000000e+00  5.4118717e-01
  0.0000000e+00  5.4118717e-01  0.0000000e+00 -3.2317704e-01
  0.0000000e+00  3.1617108e-01  0.0000000e+00  3.1617111e-01
  0.0000000e+00 -2.1238570e-01  0.0000000e+00 -5.6442362e-01
 -3.8105959e-01 -5.6442362e-01 -7.0286336e-07 -2.2329272e-01
  0.0000000e+00 -7.4523181e-01  0.0000000e+00 -7.4523181e-01
 -4.1605432e-05  1.0692517e-01  0.0000000e+00 -6.8953919e-01
  0.0000000e+00 -6.8953913e-01  0.0000000e+00 -3.5380399e-01
 -1.3630316e-01 -1.3763827e-01 -5.6965243e-02 -1.3763826e-01
  0.0000000e+00 -6.7682964e-01  0.0000000e+00 -5.4549206e-02
  0.0000000e+00 -5.4549210e-02  0.0000000e+00  6.7793536e-01
 -4.9167898e-05  1.7895822e-01  3.3409644e-02  1.7895822e-01
 -5.8206385e-01 -5.8668655e-01 -6.6557024e-03 -3.6610284e-01
  0.0000000e+00 -3.6610284e-01  0.0000000e+00  1.5541074e-01
  0.0000000e+00 -4.2348096e-01  0.0000000e+00 -4.2348096e-01
 -4.3061821e-04  3.4364232e-01 -3.5123989e-01 -6.7501515e-01
 -6.5615863e-01 -6.7501515e-01  2.4731806e-05 -6.0958520e-02
  0.0000000e+00 -6.9420022e-01  0.0000000e+00 -6.9420016e-01
  0.0000000e+00  1.4297637e-01  0.0000000e+00 -7.4075776e-01
  1.3731711e-03 -7.4075770e-01 -7.3724948e-03 -8.8156220e-03
 -3.9463884e-01 -4.9823782e-01  5.4115651e-04 -4.9823779e-01
  0.0000000e+00 -4.8585358e-01  0.0000000e+00 -6.0478914e-01
  0.0000000e+00 -6.0478914e-01  0.0000000e+00 -3.7320518e-01
  1.0433898e-03 -6.5556890e-01 -6.3921988e-01 -6.5556890e-01
  1.7810520e-02  9.4987936e-02  0.0000000e+00 -1.2316197e-01
  0.0000000e+00 -1.2316197e-01  0.0000000e+00  3.6967120e-01
  0.0000000e+00 -2.4182419e-01  0.0000000e+00 -2.4182418e-01
  0.0000000e+00  6.5738881e-01  0.0000000e+00 -5.8502644e-02
  0.0000000e+00 -5.8502633e-02  0.0000000e+00 -3.5144126e-01
  0.0000000e+00 -1.0502645e-01  0.0000000e+00 -1.0502645e-01
 -7.2852534e-01 -7.3428446e-01])
Elements in batch (training-loop) (2, 2)
Parametri: [-1.1778836   0.9444645  -0.06050527 -1.049231    0.48046085 -1.0548635
 -0.42642835  2.0114262   2.5086844   0.7414167   1.3795642  -0.8378028
 -0.7214995   1.8348049  -0.09689209  0.40803584 -2.259702   -0.39162022
  0.5060528   0.5590786 ]
Epoch 0
Batch 4
Elements in batch (train-step): ((2, 2))
Loss (train-step): (0.8735104101119546)
Grad (train-step): ([ 0.0000000e+00  8.8852078e-01  0.0000000e+00 -1.3560459e-01
  0.0000000e+00  3.5762811e-01  0.0000000e+00  3.5762811e-01
  0.0000000e+00 -7.4767029e-01  0.0000000e+00  5.0778794e-01
  0.0000000e+00  5.0778800e-01  0.0000000e+00 -4.2683420e-01
  0.0000000e+00  2.2231403e-01  0.0000000e+00  2.2231409e-01
 -2.4793856e-02 -2.9328513e-01 -3.7453306e-01 -8.1168664e-01
 -6.4013994e-01 -8.1168664e-01  4.1171890e-03 -3.5012275e-02
  0.0000000e+00 -8.5124362e-01  0.0000000e+00 -8.5124362e-01
  0.0000000e+00 -1.9420518e-01  0.0000000e+00 -7.9916674e-01
 -6.5503740e-01 -7.9916680e-01 -2.5158554e-01 -4.7346270e-01
 -3.4002858e-01 -4.1199595e-01 -9.2118852e-02 -4.1199601e-01
  0.0000000e+00 -5.9806061e-01  0.0000000e+00 -3.2830927e-01
  0.0000000e+00 -3.2830927e-01  0.0000000e+00  5.9916055e-01
  3.6070299e-01 -2.2030115e-02 -1.8478245e-01 -2.2030115e-02
 -2.7378988e-01 -8.4554517e-01  1.8354598e-02 -3.2572493e-01
  1.6187144e-02 -3.2572490e-01  0.0000000e+00 -1.0338280e+00
  0.0000000e+00 -3.2578418e-01  0.0000000e+00 -3.2578418e-01
 -6.0466617e-01 -9.8722714e-01 -1.9267836e-01 -5.1238585e-01
 -4.4924894e-01 -5.1238585e-01  2.4925437e-02  5.3804791e-01
 -2.5478997e-03 -4.4403028e-01  0.0000000e+00 -4.4403023e-01
  0.0000000e+00 -2.3988491e-01  0.0000000e+00 -2.6846135e-01
  1.1935567e-01 -2.6846135e-01  6.7726441e-02  1.1480932e-01
 -6.3553959e-01 -8.9532900e-01 -3.7118527e-01 -8.9532888e-01
  8.9659094e-04  1.5869811e-02  0.0000000e+00 -5.4878378e-01
  0.0000000e+00 -5.4878378e-01  0.0000000e+00 -4.5743653e-01
  4.2433427e-03 -3.9841622e-01  5.7540908e-02 -3.9841628e-01
 -9.2697608e-01 -9.3595862e-01 -2.0859977e-03 -7.8795679e-02
  0.0000000e+00 -7.8795657e-02  0.0000000e+00  9.9366832e-01
  0.0000000e+00 -3.7387945e-02  0.0000000e+00 -3.7387967e-02
  0.0000000e+00  7.0621490e-01  0.0000000e+00 -3.7497562e-01
  0.0000000e+00 -3.7497562e-01  0.0000000e+00  6.9560987e-01
  0.0000000e+00 -4.1823560e-01  0.0000000e+00 -4.1823566e-01
  4.8988730e-02  4.8785061e-02])
Elements in batch (training-loop) (2, 2)
Parametri: [-1.1778836   0.9435527  -0.06050527 -1.0490787   0.48046085 -1.0556674
 -0.42642835  2.0106223   2.5086844   0.7422375   1.3795642  -0.83860856
 -0.7214995   1.8339992  -0.09689209  0.408875   -2.259702   -0.39217785
  0.5060528   0.558521  ]
Epoch 0
Batch 5
Elements in batch (train-step): ((2, 2))
Loss (train-step): (0.7268975126856481)
Grad (train-step): ([ 0.00000000e+00 -8.37136269e-01  0.00000000e+00 -5.42446077e-02
  0.00000000e+00 -4.51294392e-01  0.00000000e+00 -4.51294422e-01
  0.00000000e+00  5.45104027e-01  0.00000000e+00 -6.38241410e-01
  0.00000000e+00 -6.38241410e-01  0.00000000e+00  3.20292652e-01
  0.00000000e+00 -4.09909010e-01  0.00000000e+00 -4.09909010e-01
  0.00000000e+00  2.06707016e-01  2.69302160e-01  5.63023448e-01
 -6.27482217e-03  5.63023567e-01 -9.01706666e-02  3.15573737e-02
 -9.69504192e-03  6.41192019e-01  0.00000000e+00  6.41192019e-01
  0.00000000e+00 -2.29962736e-01  0.00000000e+00  6.27830863e-01
  2.23381023e-04  6.27830803e-01 -5.35301417e-02  1.56782359e-01
 -2.08685428e-01  8.67592841e-02 -6.92572519e-02  8.67593139e-02
 -4.20514457e-02  3.69666725e-01  0.00000000e+00 -1.42428815e-01
  0.00000000e+00 -1.42428830e-01  0.00000000e+00 -3.70662749e-01
 -2.60575891e-01 -4.08921063e-01 -8.04132000e-02 -4.08921063e-01
  1.72650084e-01  1.03090242e-01 -2.16691126e-03 -1.38516694e-01
 -1.49461292e-02 -1.38516665e-01  0.00000000e+00 -3.46477449e-01
  0.00000000e+00 -1.25161618e-01 -2.79184449e-02 -1.25161603e-01
  5.22566848e-02 -4.14898455e-01  0.00000000e+00 -1.62515640e-01
  1.21022895e-01 -1.62515640e-01 -3.87959555e-02 -1.64819688e-01
 -1.45371526e-01 -1.89275801e-01  0.00000000e+00 -1.89275846e-01
  0.00000000e+00 -2.22870335e-03 -3.61955464e-01 -6.67581856e-02
 -1.23125657e-01 -6.67581558e-02  6.30236277e-03  3.79038572e-01
 -5.76352477e-01 -7.16312945e-01 -1.19025432e-01 -7.16312945e-01
  0.00000000e+00 -2.29660451e-01  0.00000000e+00 -5.56231856e-01
  0.00000000e+00 -5.56231856e-01 -5.74441219e-04 -4.53339696e-01
 -1.74259737e-01 -4.93040174e-01 -1.74028322e-01 -4.93040174e-01
 -6.61847472e-01 -6.41697049e-01  0.00000000e+00 -9.72023532e-02
  0.00000000e+00 -9.72023308e-02  0.00000000e+00  8.41635585e-01
  0.00000000e+00 -1.07196622e-01  0.00000000e+00 -1.07196614e-01
  0.00000000e+00  7.31018424e-01  0.00000000e+00 -2.89826125e-01
  0.00000000e+00 -2.89826125e-01  0.00000000e+00  3.85511458e-01
  0.00000000e+00 -3.36848617e-01  0.00000000e+00 -3.36848587e-01
 -2.07910314e-01 -2.09419012e-01])
Elements in batch (training-loop) (2, 2)
Parametri: [-1.1778836   0.9430884  -0.06050527 -1.0489066   0.48046085 -1.0560344
 -0.42642835  2.010255    2.5086844   0.74270916  1.3795642  -0.83897614
 -0.7214995   1.8336315  -0.09689209  0.40934914 -2.259702   -0.39240354
  0.5060528   0.5582953 ]
Epoch 0
Batch 6
Elements in batch (train-step): ((2, 2))
Loss (train-step): (1.0156603152772015)
Grad (train-step): ([ 0.         -1.0315113   0.          0.10165337  0.         -0.45028672
  0.         -0.45028672  0.          0.8183217   0.         -0.6396735
  0.         -0.6396735   0.          0.47175723  0.         -0.32040724
  0.         -0.3204072   0.          0.32183698  0.          0.8104
  0.5031501   0.81039995 -0.06444253  0.26934603  0.00292505  0.824138
  0.          0.824138    0.         -0.10574913  0.          0.7484556
  0.          0.74845564 -0.02546613  0.45618975  0.14183317  0.1751083
 -0.17448592  0.17510822  0.          0.7832452   0.          0.09454753
  0.          0.09454751 -0.03100308 -0.7837132  -0.0770044  -0.14760296
 -0.2549111  -0.14760293  0.4433665   0.7205702  -0.18660977 -0.02363566
  0.         -0.02363567  0.         -0.25152087  0.          0.04043432
  0.          0.04043436  0.01106117 -0.46573246  0.26420176  0.75935566
  0.37758553  0.75935566 -0.14925523 -0.2559839   0.          0.84521717
  0.          0.84521717  0.          0.07793853  0.02888661  0.9621091
  0.08901106  0.9621091   0.299832    0.41372222  0.05531363  0.440647
  0.          0.44064704  0.          0.6590955   0.          0.79172254
  0.          0.79172254 -0.01818013  0.2717629   0.19579607  0.91908216
  0.69716734  0.91908216  0.         -0.45764902  0.          0.1772628
  0.          0.17726281  0.         -0.2854088   0.          0.3807851
  0.          0.3807851   0.         -0.8478028   0.         -0.02461623
  0.         -0.02461625  0.          0.7854059   0.          0.03820062
  0.          0.03820063  1.111326    1.2073852 ])
Elements in batch (training-loop) (2, 2)
Parametri: [-1.1778836   0.94298124 -0.06050527 -1.048832    0.48046085 -1.05611
 -0.42642835  2.0101795   2.5086844   0.7428303   1.3795642  -0.8390507
 -0.7214995   1.833557   -0.09689209  0.4094662  -2.259702   -0.39243734
  0.5060528   0.5582615 ]
Epoch 0
Batch 7
Elements in batch (train-step): ((2, 2))
Loss (train-step): (0.9329991005130536)
Grad (train-step): ([ 0.          0.13073668  0.         -0.6509646   0.         -0.34435856
  0.         -0.34435856  0.         -0.66110945  0.         -0.47634113
  0.         -0.47634113  0.         -0.3521993   0.         -0.6597377
  0.         -0.6597377   0.         -0.29394183  0.         -0.54426694
 -0.08083487 -0.54426694 -0.00943524 -0.38029745  0.04321307 -0.21846598
  0.         -0.21846603  0.         -0.5214429   0.         -0.0568774
  0.         -0.0568774   0.         -0.74131775 -0.5846899  -0.5883745
 -0.08679858 -0.58837456  0.10087699 -0.5328876   0.         -0.7583246
  0.         -0.7583246   0.          0.5326557   0.         -0.8052044
 -0.1829541  -0.80520433 -0.47160408 -0.49192595 -0.19431712 -0.77891576
 -0.09902553 -0.77891576  0.         -0.28182262  0.         -0.82599556
  0.         -0.8259956   0.08739607 -0.11214171  0.02765433 -0.7793315
 -0.28144932 -0.77933156 -0.23621128 -0.05676313  0.         -0.7857392
  0.         -0.7857391   0.          0.00686097  0.0086988  -0.7369621
  0.05725651 -0.7369621   0.25955176  0.27192554  0.03906566 -0.62106717
  0.         -0.6210671   0.         -0.65856075  0.         -0.5523163
  0.         -0.5523163  -0.13285498 -0.70562464  0.13342182 -0.5869793
 -0.6456718  -0.5869793   0.         -0.2696477   0.         -0.11997515
  0.         -0.11997517  0.          0.631777    0.         -0.18972948
  0.         -0.18972951  0.          0.7356682   0.         -0.18126032
  0.         -0.18126032  0.          0.00446974  0.         -0.23080581
  0.         -0.23080584 -0.50685304 -0.509362  ])
Elements in batch (training-loop) (2, 2)
Parametri: [-1.1778836   0.9428564  -0.06050527 -1.048445    0.48046085 -1.0560204
 -0.42642835  2.0102692   2.5086844   0.743108    1.3795642  -0.83896327
 -0.7214995   1.8336444  -0.09689209  0.40973186 -2.259702   -0.39219943
  0.5060528   0.5584994 ]
Epoch 0
Batch 8
Elements in batch (train-step): ((2, 2))
Loss (train-step): (0.7500461244875597)
Grad (train-step): ([ 0.00000000e+00  1.27224205e-02  0.00000000e+00 -6.94496810e-01
  0.00000000e+00 -4.30599332e-01  0.00000000e+00 -4.30599332e-01
  0.00000000e+00 -6.15799606e-01  0.00000000e+00 -5.97726464e-01
  0.00000000e+00 -5.97726464e-01  0.00000000e+00 -3.23634982e-01
  0.00000000e+00 -7.57028937e-01  0.00000000e+00 -7.57028818e-01
  0.00000000e+00 -2.79012084e-01  0.00000000e+00 -4.89557505e-01
 -4.74424392e-01 -4.89557564e-01 -8.99020415e-06 -2.06247628e-01
  0.00000000e+00  9.04575214e-02  0.00000000e+00  9.04575214e-02
  0.00000000e+00 -5.80969036e-01  0.00000000e+00  2.15936348e-01
  0.00000000e+00  2.15936348e-01 -4.35661277e-05 -5.32798409e-01
 -5.20569801e-01 -5.43486178e-01 -2.97807110e-05 -5.43486118e-01
  0.00000000e+00 -1.95306778e-01  0.00000000e+00 -6.69332683e-01
  0.00000000e+00 -6.69332683e-01  0.00000000e+00  1.95462331e-01
 -3.85803332e-06 -8.35651398e-01 -4.67134560e-05 -8.35651457e-01
 -1.85337916e-01 -1.95172802e-01  2.23022226e-07 -4.28497136e-01
  0.00000000e+00 -4.28497136e-01  0.00000000e+00 -7.43183792e-01
  0.00000000e+00 -4.24503118e-01  0.00000000e+00 -4.24503148e-01
  4.18784066e-06 -7.25390375e-01 -1.51306458e-05 -4.40604568e-01
 -3.05793822e-01 -4.40604538e-01 -6.14228338e-06  1.29098862e-01
  0.00000000e+00 -4.01727527e-01  0.00000000e+00 -4.01727527e-01
  0.00000000e+00 -3.11156034e-01  0.00000000e+00 -2.71821350e-01
 -3.99704768e-05 -2.71821350e-01  1.31929014e-02  2.30027065e-01
 -2.63009638e-01 -7.51384854e-01 -1.66545487e-05 -7.51384795e-01
  0.00000000e+00 -4.14011896e-01  0.00000000e+00 -6.37983620e-01
  0.00000000e+00 -6.37983620e-01  0.00000000e+00 -5.65562546e-01
 -2.76778101e-05 -6.06254160e-01 -2.27377072e-01 -6.06254160e-01
 -6.55446183e-06 -4.36460793e-01  0.00000000e+00 -1.17364712e-01
  0.00000000e+00 -1.17364697e-01  0.00000000e+00  7.83728182e-01
  0.00000000e+00 -1.73541471e-01  0.00000000e+00 -1.73541456e-01
  0.00000000e+00  8.22319686e-01  0.00000000e+00 -2.34743163e-01
  0.00000000e+00 -2.34743193e-01  0.00000000e+00  1.49114460e-01
  0.00000000e+00 -2.88882107e-01  0.00000000e+00 -2.88882107e-01
 -4.41657037e-01 -4.55730051e-01])
Elements in batch (training-loop) (2, 2)
Parametri: [-1.1778836   0.9427426  -0.06050527 -1.0478792   0.48046085 -1.0557702
 -0.42642835  2.0105195   2.5086844   0.7434969   1.3795642  -0.8387171
 -0.7214995   1.8338906  -0.09689209  0.41010284 -2.259702   -0.39176473
  0.5060528   0.5589341 ]
Epoch 0
Batch 9
Elements in batch (train-step): ((2, 2))
Loss (train-step): (0.07565771090724356)
Grad (train-step): ([ 0.00000000e+00  1.32500067e-01  0.00000000e+00 -1.09874606e-01
  0.00000000e+00 -2.95047462e-03  0.00000000e+00 -2.95047462e-03
  0.00000000e+00 -1.89698175e-01  0.00000000e+00 -2.39118841e-03
  0.00000000e+00 -2.39118119e-03  0.00000000e+00 -1.04738787e-01
  0.00000000e+00 -6.52565211e-02  0.00000000e+00 -6.52565211e-02
  0.00000000e+00 -7.93011710e-02  0.00000000e+00 -1.71304107e-01
 -5.46509436e-05 -1.71304122e-01 -7.55385235e-02 -8.14971775e-02
  0.00000000e+00 -1.71265990e-01  0.00000000e+00 -1.71265990e-01
  0.00000000e+00  4.07660604e-02  0.00000000e+00 -1.53328583e-01
  0.00000000e+00 -1.53328598e-01 -6.94406822e-07 -1.07573949e-01
 -6.33718632e-03 -1.71486326e-02 -1.62666887e-02 -1.71486288e-02
  0.00000000e+00 -1.37955830e-01  0.00000000e+00  1.14886491e-02
  0.00000000e+00  1.14886565e-02  0.00000000e+00  1.37748688e-01
  0.00000000e+00  8.54954422e-02  7.15343413e-05  8.54954347e-02
 -1.20297782e-01 -1.21408962e-01 -4.64821840e-03 -7.35181123e-02
  0.00000000e+00 -7.35181198e-02  0.00000000e+00  7.25430548e-02
  0.00000000e+00 -8.74377191e-02  0.00000000e+00 -8.74377191e-02
 -5.65118389e-05  1.16786718e-01 -1.11168876e-01 -1.43685788e-01
 -7.55037367e-02 -1.43685788e-01  2.22298651e-04 -7.69135058e-02
  0.00000000e+00 -1.48592398e-01  0.00000000e+00 -1.48592398e-01
  0.00000000e+00  9.66601670e-02  0.00000000e+00 -1.58112749e-01
 -6.94165798e-03 -1.58112764e-01  5.26481494e-02  5.28027713e-02
  9.15087639e-06 -1.16703540e-01  9.68056725e-07 -1.16703548e-01
  0.00000000e+00 -1.48343101e-01  0.00000000e+00 -1.08966090e-01
  0.00000000e+00 -1.08966082e-01  0.00000000e+00 -1.48045152e-01
 -7.46590421e-02 -1.15768962e-01 -7.41845295e-02 -1.15768962e-01
  3.88583721e-05 -1.27773315e-01  0.00000000e+00 -2.39486974e-02
  0.00000000e+00 -2.39486899e-02  0.00000000e+00  1.84578925e-01
  0.00000000e+00 -2.97450386e-02  0.00000000e+00 -2.97450498e-02
  0.00000000e+00  1.71131566e-01  0.00000000e+00 -6.15752302e-02
  0.00000000e+00 -6.15752265e-02  0.00000000e+00  6.88257366e-02
  0.00000000e+00 -7.25148544e-02  0.00000000e+00 -7.25148469e-02
 -6.42050132e-02 -6.47280812e-02])
Elements in batch (training-loop) (2, 2)
Parametri: [-1.1778836   0.942611   -0.06050527 -1.0473315   0.48046085 -1.0555457
 -0.42642835  2.010744    2.5086844   0.7438895   1.3795642  -0.83849674
 -0.7214995   1.834111   -0.09689209  0.41047898 -2.259702   -0.39135545
  0.5060528   0.5593434 ]
Epoch 0
Batch 10
Elements in batch (train-step): ((2, 2))
Loss (train-step): (0.010672935810464336)
Grad (train-step): ([ 0.          0.02576647  0.         -0.02352514  0.         -0.00191887
  0.         -0.00191887  0.         -0.03877766  0.         -0.00235178
  0.         -0.00235179  0.         -0.02132795  0.         -0.01508032
  0.         -0.01508032  0.         -0.01621942  0.         -0.03482937
  0.00218421 -0.03482937 -0.01394833 -0.01528935  0.         -0.03528589
  0.         -0.0352859   0.          0.00561528  0.         -0.0315954
  0.         -0.0315954  -0.00144246 -0.02189543 -0.00282422 -0.00433212
 -0.00424824 -0.00433212  0.         -0.02897228  0.          0.00062431
  0.          0.00062431  0.          0.0289103  -0.00139766  0.01381973
 -0.00314979  0.01381973 -0.02418798 -0.02461112 -0.00405241 -0.01814839
  0.         -0.0181484   0.          0.02347911  0.         -0.02172493
  0.         -0.02172493  0.00343981  0.0345783  -0.02626351 -0.0274235
 -0.00185836 -0.0274235  -0.00743175 -0.03728712  0.         -0.02692582
  0.         -0.02692582  0.          0.03889012  0.00040146 -0.02674844
 -0.00631482 -0.02674844  0.02093781  0.03492363 -0.00081871 -0.01494473
 -0.00067828 -0.01494473  0.         -0.04399091  0.         -0.0045455
  0.         -0.0045455   0.         -0.04883879 -0.00527852 -0.0056488
 -0.00145111 -0.0056488  -0.00534127 -0.04920583  0.         -0.00119726
  0.         -0.00119726  0.          0.04378236  0.          0.00292839
  0.          0.00292839  0.          0.02380338  0.         -0.01776262
  0.         -0.01776262  0.          0.04196964  0.         -0.01904841
  0.         -0.01904841  0.01651561  0.01664465])
Elements in batch (training-loop) (2, 2)
Parametri: [-1.1778836   0.9424872  -0.06050527 -1.046831    0.48046085 -1.0553437
 -0.42642835  2.010946    2.5086844   0.7442509   1.3795642  -0.83829856
 -0.7214995   1.8343091  -0.09689209  0.41082546 -2.259702   -0.39098367
  0.5060528   0.55971515]
Epoch 0
Batch 11
Elements in batch (train-step): ((2, 2))
Loss (train-step): (0.5922308524692752)
Grad (train-step): ([ 0.0000000e+00  6.4719158e-01  0.0000000e+00 -3.0505317e-01
  0.0000000e+00  1.3190489e-01  0.0000000e+00  1.3190487e-01
  0.0000000e+00 -7.2423613e-01  0.0000000e+00  1.9069239e-01
  0.0000000e+00  1.9069238e-01  0.0000000e+00 -4.0410185e-01
  0.0000000e+00 -6.5250866e-02  0.0000000e+00 -6.5250874e-02
  0.0000000e+00 -2.9302293e-01  0.0000000e+00 -6.7790073e-01
 -5.1195365e-01 -6.7790073e-01  0.0000000e+00 -2.9758689e-01
  0.0000000e+00 -5.7785028e-01  0.0000000e+00 -5.7785022e-01
  0.0000000e+00 -1.4859603e-01  0.0000000e+00 -4.7432548e-01
  0.0000000e+00 -4.7432545e-01 -2.0510377e-05 -5.4286623e-01
 -3.3253333e-01 -3.3655995e-01 -4.3973760e-05 -3.3655995e-01
  0.0000000e+00 -6.6906989e-01  0.0000000e+00 -3.3106491e-01
  0.0000000e+00 -3.3106494e-01  0.0000000e+00  6.6883355e-01
 -1.3682014e-05 -2.3068590e-01 -2.3097784e-04 -2.3068595e-01
 -4.6180671e-01 -6.2392330e-01 -2.3900907e-04 -3.7385631e-01
  0.0000000e+00 -3.7385631e-01  0.0000000e+00 -1.0678012e-02
  0.0000000e+00 -4.3108842e-01  0.0000000e+00 -4.3108845e-01
 -3.8096114e-05  1.8557285e-01 -3.5080779e-01 -7.0058358e-01
 -3.5539746e-02 -7.0058358e-01 -5.6058412e-05 -4.8840415e-02
  0.0000000e+00 -7.1313596e-01  0.0000000e+00 -7.1313596e-01
  0.0000000e+00  1.0334257e-01  0.0000000e+00 -7.3793828e-01
  8.2015584e-05 -7.3793834e-01  3.1158624e-02  3.4994006e-02
 -3.8887938e-05 -5.9038228e-01 -2.1911753e-04 -5.9038228e-01
  0.0000000e+00 -4.2660227e-01  0.0000000e+00 -5.9885794e-01
  0.0000000e+00 -5.9885794e-01  0.0000000e+00 -4.3399128e-01
 -1.0358750e-05 -6.1043429e-01 -4.6502322e-01 -6.1043429e-01
 -1.6386570e-04 -1.3444471e-01  0.0000000e+00 -1.2619650e-01
  0.0000000e+00 -1.2619649e-01  0.0000000e+00  5.3962177e-01
  0.0000000e+00 -2.1185882e-01  0.0000000e+00 -2.1185887e-01
  0.0000000e+00  7.1132332e-01  0.0000000e+00 -1.4026679e-01
  0.0000000e+00 -1.4026681e-01  0.0000000e+00 -1.1813546e-01
  0.0000000e+00 -1.8812732e-01  0.0000000e+00 -1.8812731e-01
 -5.8025217e-01 -5.8716005e-01])
Elements in batch (training-loop) (2, 2)
Parametri: [-1.1778836   0.9422401  -0.06050527 -1.046275    0.48046085 -1.0552161
 -0.42642835  2.0110736   2.5086844   0.7447233   1.3795642  -0.8381758
 -0.7214995   1.8344319  -0.09689209  0.41128513 -2.259702   -0.39062816
  0.5060528   0.5600707 ]
Epoch 0
Batch 12
Elements in batch (train-step): ((2, 2))
Loss (train-step): (0.37190987793465086)
Grad (train-step): ([ 0.0000000e+00 -4.1014779e-01  0.0000000e+00  2.5987583e-01
  0.0000000e+00 -4.1891973e-02  0.0000000e+00 -4.1891973e-02
  0.0000000e+00  5.1717204e-01  0.0000000e+00 -6.2736221e-02
  0.0000000e+00 -6.2736213e-02  0.0000000e+00  2.8630355e-01
  0.0000000e+00  1.1469971e-01  0.0000000e+00  1.1469971e-01
  0.0000000e+00  2.1139440e-01  1.8217286e-01  4.7592196e-01
 -2.0226128e-02  4.7592202e-01 -1.1307298e-02  1.8767014e-01
  0.0000000e+00  4.1253337e-01  0.0000000e+00  4.1253340e-01
  0.0000000e+00  1.1657723e-01  0.0000000e+00  3.4335881e-01
  0.0000000e+00  3.4335881e-01  1.7460865e-01  3.6446393e-01
 -1.0097071e-02  3.0794623e-01 -7.0068086e-03  3.0794626e-01
 -2.9707591e-03  3.8699684e-01  0.0000000e+00  2.6478779e-01
  0.0000000e+00  2.6478782e-01  0.0000000e+00 -3.8586405e-01
  7.2452344e-04  7.8236841e-02  3.8464345e-02  7.8236841e-02
 -4.0797069e-05  2.4730441e-01  4.6325512e-03 -4.2008597e-01
  1.2948816e-02 -4.2008597e-01  0.0000000e+00 -1.2523106e-01
  0.0000000e+00 -3.9128053e-01  7.2848104e-04 -3.9128053e-01
 -6.8773450e-03 -2.2621298e-01 -6.2463742e-02 -1.5967074e-01
 -2.9024683e-02 -1.5967073e-01 -2.9020566e-03 -1.4396456e-01
 -8.9246118e-03 -1.2504432e-01  0.0000000e+00 -1.2504433e-01
  0.0000000e+00  1.1820723e-02 -1.3145106e-02 -2.2115588e-02
 -4.7047120e-03 -2.2115588e-02  1.6413268e-01  3.5675550e-01
 -2.5354165e-01 -4.0654901e-01 -2.0552158e-02 -4.0654901e-01
  0.0000000e+00 -3.5168864e-02  0.0000000e+00 -1.6218041e-01
  0.0000000e+00 -1.6218041e-01 -4.4180816e-03 -3.2559401e-01
 -2.6798660e-02 -7.5676933e-02 -2.7292034e-02 -7.5676925e-02
 -5.0841534e-01 -5.6470960e-01  0.0000000e+00  8.1865806e-03
  0.0000000e+00  8.1865825e-03  0.0000000e+00  5.0853628e-01
  0.0000000e+00  5.3463619e-02  0.0000000e+00  5.3463630e-02
  0.0000000e+00  2.8385770e-01  0.0000000e+00 -1.8409514e-01
  0.0000000e+00 -1.8409514e-01  0.0000000e+00  4.8712513e-01
  0.0000000e+00 -1.9936875e-01  0.0000000e+00 -1.9936876e-01
  1.7005467e-01  1.8895321e-01])
Elements in batch (training-loop) (2, 2)
Parametri: [-1.1778836   0.94210887 -0.06050527 -1.0458852   0.48046085 -1.0550842
 -0.42642835  2.0112054   2.5086844   0.74502003  1.3795642  -0.8380473
 -0.7214995   1.8345604  -0.09689209  0.41157195 -2.259702   -0.39034653
  0.5060528   0.5603523 ]
Epoch 0
Batch 13
Elements in batch (train-step): ((2, 2))
Epoch 0
Batch 0
Elements in batch (train-step): ((2, 2))
Loss (train-step): (Tensor("add_307:0", shape=(), dtype=float64))
Grad (train-step): (Tensor("AddN_306:0", shape=(130,), dtype=float32))
Elements in batch (train-step): ((2, 2))
Loss (train-step): (Tensor("add_307:0", shape=(), dtype=float64))
Grad (train-step): (Tensor("AddN_306:0", shape=(130,), dtype=float32))
Elements in batch (training-loop) (2, 2)
Parametri: [-0.50986165 -0.5949997   0.81185174  1.0115958   0.59131134 -0.11285233
  0.61250705 -0.11220263  1.5188819   1.6283555   1.7619398   0.15946265
  0.94706285  0.75023407 -0.52477235  0.07106388 -0.19554028 -0.6680927
  0.0814683  -0.41099855]
Epoch 0
Batch 1
Elements in batch (training-loop) (2, 2)
Parametri: [-0.50986165 -0.595111    0.81185174  1.0108789   0.59131134 -0.11375585
  0.61250705 -0.11310615  1.5188819   1.6277082   1.7619398   0.15921369
  0.94706285  0.7499851  -0.52477235  0.07027722 -0.19554028 -0.6683374
  0.0814683  -0.4112432 ]
Epoch 0
Batch 2
Elements in batch (training-loop) (2, 2)
Parametri: [-0.50986165 -0.59497106  0.81185174  1.0100448   0.59131134 -0.11470146
  0.61250705 -0.11405176  1.5188819   1.6269177   1.7619398   0.1587157
  0.94706285  0.7494871  -0.52477235  0.06940074 -0.19554028 -0.6688317
  0.0814683  -0.4117375 ]
Epoch 0
Batch 3
Elements in batch (training-loop) (2, 2)
Parametri: [-0.50986165 -0.59540606  0.81185174  1.0097247   0.59131134 -0.11540817
  0.61250705 -0.11475846  1.5188819   1.6267071   1.7619398   0.15891285
  0.94706285  0.7496843  -0.52477235  0.06895641 -0.19554028 -0.66863143
  0.0814683  -0.41153723]
Epoch 0
Batch 4
Elements in batch (training-loop) (2, 2)
Parametri: [-0.50986165 -0.59580356  0.81185174  1.009424    0.59131134 -0.116062
  0.61250705 -0.11541229  1.5188819   1.6265072   1.7619398   0.15909034
  0.94706285  0.7498618  -0.52477235  0.06854159 -0.19554028 -0.6684511
  0.0814683  -0.41135687]
Epoch 0
Batch 5
Elements in batch (training-loop) (2, 2)
Parametri: [-0.50986165 -0.59567136  0.81185174  1.0094482   0.59131134 -0.11597105
  0.61250705 -0.11532135  1.5188819   1.626501    1.7619398   0.15897965
  0.94706285  0.7497511  -0.52477235  0.06859332 -0.19554028 -0.6685621
  0.0814683  -0.4114679 ]
Epoch 0
Batch 6
Elements in batch (training-loop) (2, 2)
Parametri: [-0.50986165 -0.59555686  0.81185174  1.0093924   0.59131134 -0.1159619
  0.61250705 -0.1153122   1.5188819   1.6264223   1.7619398   0.15885644
  0.94706285  0.7496279  -0.52477235  0.06856133 -0.19554028 -0.66868526
  0.0814683  -0.41159102]
Epoch 0
Batch 7
Elements in batch (training-loop) (2, 2)
Parametri: [-0.50986165 -0.5956452   0.81185174  1.0092354   0.59131134 -0.11614238
  0.61250705 -0.11549267  1.5188819   1.62629     1.7619398   0.15888269
  0.94706285  0.7496541  -0.52477235  0.06838874 -0.19554028 -0.6686579
  0.0814683  -0.41156366]
Epoch 0
Batch 8
Elements in batch (training-loop) (2, 2)
Parametri: [-0.50986165 -0.59591806  0.81185174  1.0090731   0.59131134 -0.1164267
  0.61250705 -0.11577699  1.5188819   1.6262021   1.7619398   0.1590876
  0.94706285  0.74985904 -0.52477235  0.06816784 -0.19554028 -0.66845167
  0.0814683  -0.41135743]
Epoch 0
Batch 9
Elements in batch (training-loop) (2, 2)
Parametri: [-0.50986165 -0.5960321   0.81185174  1.0088245   0.59131134 -0.11670167
  0.61250705 -0.11605196  1.5188819   1.6259923   1.7619398   0.1591137
  0.94706285  0.74988514 -0.52477235  0.06789678 -0.19554028 -0.66842407
  0.0814683  -0.41132984]
Epoch 0
Batch 10
Elements in batch (training-loop) (2, 2)
Parametri: [-0.50986165 -0.5961057   0.81185174  1.0085511   0.59131134 -0.11697533
  0.61250705 -0.11632562  1.5188819   1.6257488   1.7619398   0.15909398
  0.94706285  0.7498654  -0.52477235  0.06761087 -0.19554028 -0.66844225
  0.0814683  -0.41134802]
Epoch 0
Batch 11
Elements in batch (training-loop) (2, 2)
Parametri: [-0.50986165 -0.59614295  0.81185174  1.0083023   0.59131134 -0.11720746
  0.61250705 -0.11655775  1.5188819   1.6255194   1.7619398   0.15904847
  0.94706285  0.74981993 -0.52477235  0.06735763 -0.19554028 -0.6684864
  0.0814683  -0.41139218]
Epoch 0
Batch 12
Elements in batch (training-loop) (2, 2)
Parametri: [-0.50986165 -0.5961437   0.81185174  1.0081172   0.59131134 -0.11736443
  0.61250705 -0.11671472  1.5188819   1.6253417   1.7619398   0.15898941
  0.94706285  0.74976087 -0.52477235  0.06717589 -0.19554028 -0.6685445
  0.0814683  -0.41145027]
Epoch 0
Batch 13
Elements in batch (training-loop) (2, 2)
Parametri: [-0.50986165 -0.5963451   0.81185174  1.0082899   0.59131134 -0.11730842
  0.61250705 -0.1166587   1.5188819   1.6255434   1.7619398   0.15921831
  0.94706285  0.74998975 -0.52477235  0.06731182 -0.19554028 -0.66831577
  0.0814683  -0.4112216 ]
Epoch 0
Batch 14
Elements in batch (training-loop) (2, 2)
Parametri: [-0.50986165 -0.5965023   0.81185174  1.0083455   0.59131134 -0.11734231
  0.61250705 -0.1166926   1.5188819   1.6256272   1.7619398   0.1593695
  0.94706285  0.7501409  -0.52477235  0.06733613 -0.19554028 -0.6681644
  0.0814683  -0.4110702 ]
Epoch 0
Batch 15
Elements in batch (training-loop) (2, 2)
Parametri: [-0.50986165 -0.5967476   0.81185174  1.0082942   0.59131134 -0.11752768
  0.61250705 -0.11687797  1.5188819   1.625631    1.7619398   0.1595612
  0.94706285  0.7503326  -0.52477235  0.06723185 -0.19554028 -0.66797173
  0.0814683  -0.4108776 ]
Epoch 0
Batch 16
Elements in batch (training-loop) (2, 2)
Parametri: [-0.50986165 -0.59694725  0.81185174  1.0081699   0.59131134 -0.11775856
  0.61250705 -0.11710885  1.5188819   1.6255565   1.7619398   0.15968741
  0.94706285  0.75045884 -0.52477235  0.06706244 -0.19554028 -0.66784436
  0.0814683  -0.4107502 ]
Epoch 0
Batch 17
Elements in batch (training-loop) (2, 2)
Parametri: [-0.50986165 -0.59726095  0.81185174  1.007885    0.59131134 -0.11817869
  0.61250705 -0.11752898  1.5188819   1.6253487   1.7619398   0.159857
  0.94706285  0.7506284  -0.52477235  0.06671532 -0.19554028 -0.6676725
  0.0814683  -0.41057837]
Epoch 0
Batch 18
Elements in batch (training-loop) (2, 2)
Parametri: [-0.50986165 -0.5975031   0.81185174  1.0075209   0.59131134 -0.11863828
  0.61250705 -0.11798856  1.5188819   1.6250496   1.7619398   0.15993018
  0.94706285  0.7507016  -0.52477235  0.06630265 -0.19554028 -0.6675968
  0.0814683  -0.4105027 ]
Epoch 0
Batch 19
Elements in batch (training-loop) (2, 2)
Parametri: [-0.50986165 -0.59773     0.81185174  1.0069948   0.59131134 -0.11923529
  0.61250705 -0.11858558  1.5188819   1.6245825   1.7619398   0.15990414
  0.94706285  0.75067556 -0.52477235  0.06573623 -0.19554028 -0.66761935
  0.0814683  -0.41052526]
Epoch 1
Batch 0
Elements in batch (training-loop) (2, 2)
Parametri: [-0.50986165 -0.5979101   0.81185174  1.0064521   0.59131134 -0.11982843
  0.61250705 -0.11917872  1.5188819   1.6240909   1.7619398   0.15982957
  0.94706285  0.750601   -0.52477235  0.06516084 -0.19554028 -0.66769046
  0.0814683  -0.41059637]
Epoch 1
Batch 1
Elements in batch (training-loop) (2, 2)
Parametri: [-0.50986165 -0.59800595  0.81185174  1.0059857   0.59131134 -0.12030999
  0.61250705 -0.11966028  1.5188819   1.6236573   1.7619398   0.15971602
  0.94706285  0.75048745 -0.52477235  0.06467702 -0.19554028 -0.6678012
  0.0814683  -0.41070712]
Epoch 1
Batch 2
Elements in batch (training-loop) (2, 2)
Parametri: [-0.50986165 -0.5980688   0.81185174  1.0055578   0.59131134 -0.12074066
  0.61250705 -0.12009095  1.5188819   1.6232548   1.7619398   0.15959044
  0.94706285  0.75036186 -0.52477235  0.06423729 -0.19554028 -0.6679243
  0.0814683  -0.41083017]
Epoch 1
Batch 3
Elements in batch (training-loop) (2, 2)
Parametri: [-0.50986165 -0.5983848   0.81185174  1.0051908   0.59131134 -0.12123833
  0.61250705 -0.12058862  1.5188819   1.6229708   1.7619398   0.15973206
  0.94706285  0.7505035  -0.52477235  0.06380701 -0.19554028 -0.66778016
  0.0814683  -0.41068605]
Epoch 1
Batch 4
Elements in batch (training-loop) (2, 2)
Parametri: [-0.50986165 -0.5986454   0.81185174  1.0047122   0.59131134 -0.12181185
  0.61250705 -0.12116214  1.5188819   1.622565    1.7619398   0.15977469
  0.94706285  0.7505461  -0.52477235  0.063277   -0.19554028 -0.6677345
  0.0814683  -0.41064042]
Epoch 1
Batch 5
Elements in batch (training-loop) (2, 2)
Parametri: [-0.50986165 -0.59886473  0.81185174  1.0041924   0.59131134 -0.12240426
  0.61250705 -0.12175455  1.5188819   1.6221106   1.7619398   0.159763
  0.94706285  0.7505344  -0.52477235  0.06271359 -0.19554028 -0.6677431
  0.0814683  -0.410649  ]
Epoch 1
Batch 6
Elements in batch (training-loop) (2, 2)
Parametri: [-0.50986165 -0.59897065  0.81185174  1.0036485   0.59131134 -0.12296834
  0.61250705 -0.12231863  1.5188819   1.6216121   1.7619398   0.15964542
  0.94706285  0.7504169  -0.52477235  0.06214532 -0.19554028 -0.6678577
  0.0814683  -0.4107636 ]
Epoch 1
Batch 7
Elements in batch (training-loop) (2, 2)
Parametri: [-0.50986165 -0.5991639   0.81185174  1.0030428   0.59131134 -0.12362047
  0.61250705 -0.12297076  1.5188819   1.6210669   1.7619398   0.15957627
  0.94706285  0.75034773 -0.52477235  0.06150391 -0.19554028 -0.6679234
  0.0814683  -0.41082928]
Epoch 1
Batch 8
Elements in batch (training-loop) (2, 2)
Parametri: [-0.50986165 -0.59928393  0.81185174  1.0024738   0.59131134 -0.12420382
  0.61250705 -0.1235541   1.5188819   1.6205426   1.7619398   0.15945868
  0.94706285  0.75023013 -0.52477235  0.06091251 -0.19554028 -0.66803783
  0.0814683  -0.41094372]
Epoch 1
Batch 9
Elements in batch (training-loop) (2, 2)
Parametri: [-0.50986165 -0.5993799   0.81185174  1.0019045   0.59131134 -0.12477635
  0.61250705 -0.12412664  1.5188819   1.6200129   1.7619398   0.15931933
  0.94706285  0.7500908  -0.52477235  0.06032521 -0.19554028 -0.6681741
  0.0814683  -0.41107997]
Epoch 1
Batch 10
Elements in batch (training-loop) (2, 2)
Parametri: [-0.50986165 -0.5995713   0.81185174  1.0013849   0.59131134 -0.12534828
  0.61250705 -0.12469856  1.5188819   1.619552    1.7619398   0.15928559
  0.94706285  0.75005704 -0.52477235  0.05976959 -0.19554028 -0.6682049
  0.0814683  -0.4111108 ]
Epoch 1
Batch 11
Elements in batch (training-loop) (2, 2)
Parametri: [-0.50986165 -0.59971285  0.81185174  1.0008973   0.59131134 -0.12586652
  0.61250705 -0.1252168   1.5188819   1.6191117   1.7619398   0.15922105
  0.94706285  0.7499925  -0.52477235  0.05925531 -0.19554028 -0.6682668
  0.0814683  -0.41117263]
Epoch 1
Batch 12
Elements in batch (training-loop) (2, 2)
Parametri: [-0.50986165 -0.59984875  0.81185174  1.0004077   0.59131134 -0.12638336
  0.61250705 -0.12573364  1.5188819   1.6186678   1.7619398   0.15915026
  0.94706285  0.7499217  -0.52477235  0.05874041 -0.19554028 -0.6683349
  0.0814683  -0.41124076]
Epoch 1
Batch 13
Elements in batch (training-loop) (2, 2)
Parametri: [-0.50986165 -0.6001075   0.81185174  1.0001583   0.59131134 -0.12674983
  0.61250705 -0.12610011  1.5188819   1.6184839   1.7619398   0.15927432
  0.94706285  0.7500457  -0.52477235  0.05843899 -0.19554028 -0.6682092
  0.0814683  -0.41111505]
Epoch 1
Batch 14
Elements in batch (training-loop) (2, 2)
Parametri: [-0.50986165 -0.60018075  0.81185174  0.99987763  0.59131134 -0.1270553
  0.61250705 -0.12640558  1.5188819   1.6182333   1.7619398   0.15923196
  0.94706285  0.75000334 -0.52477235  0.05813971 -0.19554028 -0.66825
  0.0814683  -0.4111559 ]
Epoch 1
Batch 15
Elements in batch (training-loop) (2, 2)
Parametri: [-0.50986165 -0.6003397   0.81185174  0.99950236  0.59131134 -0.12748665
  0.61250705 -0.12683693  1.5188819   1.6179081   1.7619398   0.15922579
  0.94706285  0.7499972  -0.52477235  0.05773122 -0.19554028 -0.66825414
  0.0814683  -0.41116002]
Epoch 1
Batch 16
Elements in batch (training-loop) (2, 2)
Parametri: [-0.50986165 -0.6005598   0.81185174  0.99900657  0.59131134 -0.12805055
  0.61250705 -0.12740083  1.5188819   1.6174748   1.7619398   0.15922052
  0.94706285  0.7499919  -0.52477235  0.05719497 -0.19554028 -0.6682567
  0.0814683  -0.41116259]
Epoch 1
Batch 17
Elements in batch (training-loop) (2, 2)
Parametri: [-0.50986165 -0.6009186   0.81185174  0.99852735  0.59131134 -0.12866352
  0.61250705 -0.1280138   1.5188819   1.6170889   1.7619398   0.1593501
  0.94706285  0.7501215  -0.52477235  0.05664922 -0.19554028 -0.66812444
  0.0814683  -0.41103035]
Epoch 1
Batch 18
Elements in batch (training-loop) (2, 2)
Parametri: [-0.50986165 -0.60091555  0.81185174  0.99808216  0.59131134 -0.12905538
  0.61250705 -0.12840566  1.5188819   1.6166602   1.7619398   0.159192
  0.94706285  0.7499634  -0.52477235  0.05620823 -0.19554028 -0.6682804
  0.0814683  -0.41118637]
Epoch 1
Batch 19
Elements in batch (training-loop) (2, 2)
Parametri: [-0.50986165 -0.6011363   0.81185174  0.99763256  0.59131134 -0.1295635
  0.61250705 -0.12891378  1.5188819   1.6162848   1.7619398   0.15924345
  0.94706285  0.75001484 -0.52477235  0.05571601 -0.19554028 -0.6682269
  0.0814683  -0.41113284]
Epoch 2
Batch 0
Elements in batch (training-loop) (2, 2)
Parametri: [-0.50986165 -0.601323    0.81185174  0.99716926  0.59131134 -0.13006459
  0.61250705 -0.12941487  1.5188819   1.6158872   1.7619398   0.15925868
  0.94706285  0.7500301  -0.52477235  0.05521811 -0.19554028 -0.66820955
  0.0814683  -0.4111155 ]
Epoch 2
Batch 1
Elements in batch (training-loop) (2, 2)
Parametri: [-0.50986165 -0.6014732   0.81185174  0.9967538   0.59131134 -0.1305043
  0.61250705 -0.12985457  1.5188819   1.6155261   1.7619398   0.15925671
  0.94706285  0.75002813 -0.52477235  0.05477552 -0.19554028 -0.6682096
  0.0814683  -0.41111556]
Epoch 2
Batch 2
Elements in batch (training-loop) (2, 2)
Parametri: [-0.50986165 -0.60161793  0.81185174  0.99634737  0.59131134 -0.13093297
  0.61250705 -0.13028325  1.5188819   1.615172    1.7619398   0.15925263
  0.94706285  0.750024   -0.52477235  0.0543432  -0.19554028 -0.6682119
  0.0814683  -0.4111178 ]
Epoch 2
Batch 3
Elements in batch (training-loop) (2, 2)
Parametri: [-0.50986165 -0.6016489   0.81185174  0.9959398   0.59131134 -0.1312995
  0.61250705 -0.13064978  1.5188819   1.6147879   1.7619398   0.15914609
  0.94706285  0.7499175  -0.52477235  0.05393502 -0.19554028 -0.6683166
  0.0814683  -0.4112225 ]
Epoch 2
Batch 4
Elements in batch (training-loop) (2, 2)
Parametri: [-0.50986165 -0.6017388   0.81185174  0.9954614   0.59131134 -0.13175671
  0.61250705 -0.13110699  1.5188819   1.614349    1.7619398   0.15906776
  0.94706285  0.7498392  -0.52477235  0.05344566 -0.19554028 -0.6683928
  0.0814683  -0.4112987 ]
Epoch 2
Batch 5
Elements in batch (training-loop) (2, 2)
Parametri: [-0.50986165 -0.6017929   0.81185174  0.9949102   0.59131134 -0.13225903
  0.61250705 -0.1316093   1.5188819   1.6138301   1.7619398   0.15893
  0.94706285  0.74970144 -0.52477235  0.05289217 -0.19554028 -0.66852814
  0.0814683  -0.41143402]
Epoch 2
Batch 6
Elements in batch (training-loop) (2, 2)
Parametri: [-0.50986165 -0.6018956   0.81185174  0.99436504  0.59131134 -0.13278145
  0.61250705 -0.13213173  1.5188819   1.613329    1.7619398   0.15883838
  0.94706285  0.7496098  -0.52477235  0.05233449 -0.19554028 -0.6686174
  0.0814683  -0.41152328]
Epoch 2
Batch 7
Elements in batch (training-loop) (2, 2)
Parametri: [-0.50986165 -0.60192984  0.81185174  0.99391884  0.59131134 -0.13318047
  0.61250705 -0.13253075  1.5188819   1.6129054   1.7619398   0.15871811
  0.94706285  0.74948955 -0.52477235  0.05188969 -0.19554028 -0.6687357
  0.0814683  -0.41164157]
Epoch 2
Batch 8
Elements in batch (training-loop) (2, 2)
Parametri: [-0.50986165 -0.6019509   0.81185174  0.993457    0.59131134 -0.1335858
  0.61250705 -0.13293608  1.5188819   1.6124629   1.7619398   0.15858006
  0.94706285  0.7493515  -0.52477235  0.05143252 -0.19554028 -0.66887164
  0.0814683  -0.41177756]
Epoch 2
Batch 9
Elements in batch (training-loop) (2, 2)
Parametri: [-0.50986165 -0.6019543   0.81185174  0.9931999   0.59131134 -0.1338084
  0.61250705 -0.13315868  1.5188819   1.6122141   1.7619398   0.15849371
  0.94706285  0.74926513 -0.52477235  0.05117959 -0.19554028 -0.66895676
  0.0814683  -0.4118627 ]
Epoch 2
Batch 10
Elements in batch (training-loop) (2, 2)
Parametri: [-0.50986165 -0.60206616  0.81185174  0.9929487   0.59131134 -0.1340837
  0.61250705 -0.13343398  1.5188819   1.6119995   1.7619398   0.1585088
  0.94706285  0.7492802  -0.52477235  0.05090897 -0.19554028 -0.6689406
  0.0814683  -0.41184655]
Epoch 2
Batch 11
Elements in batch (training-loop) (2, 2)
Parametri: [-0.50986165 -0.60216653  0.81185174  0.99269193  0.59131134 -0.13435735
  0.61250705 -0.13370763  1.5188819   1.6117764   1.7619398   0.15851137
  0.94706285  0.7492828  -0.52477235  0.0506355  -0.19554028 -0.66893697
  0.0814683  -0.4118429 ]
Epoch 2
Batch 12
Elements in batch (training-loop) (2, 2)
Parametri: [-0.50986165 -0.60224897  0.81185174  0.9924087   0.59131134 -0.13464375
  0.61250705 -0.13399403  1.5188819   1.6115224   1.7619398   0.15848826
  0.94706285  0.74925965 -0.52477235  0.05034012 -0.19554028 -0.66895884
  0.0814683  -0.41186482]
Epoch 2
Batch 13
Elements in batch (training-loop) (2, 2)
Parametri: [-0.50986165 -0.6023874   0.81185174  0.99212354  0.59131134 -0.1349615
  0.61250705 -0.13431178  1.5188819   1.6112814   1.7619398   0.1585157
  0.94706285  0.7492871  -0.52477235  0.05003085 -0.19554028 -0.66893023
  0.0814683  -0.41183624]
Epoch 2
Batch 14
Elements in batch (training-loop) (2, 2)
Parametri: [-0.50986165 -0.60270965  0.81185174  0.99171346  0.59131134 -0.13547125
  0.61250705 -0.13482153  1.5188819   1.6109638   1.7619398   0.15867265
  0.94706285  0.74944407 -0.52477235  0.04956443 -0.19554028 -0.6687719
  0.0814683  -0.41167793]
Epoch 2
Batch 15
Elements in batch (training-loop) (2, 2)
Parametri: [-0.50986165 -0.6032118   0.81185174  0.9913783   0.59131134 -0.13602489
  0.61250705 -0.13537517  1.5188819   1.6107777   1.7619398   0.15902849
  0.94706285  0.7497999  -0.52477235  0.04912466 -0.19554028 -0.66841537
  0.0814683  -0.41132134]
Epoch 2
Batch 16
Elements in batch (training-loop) (2, 2)
Parametri: [-0.50986165 -0.60374844  0.81185174  0.9910552   0.59131134 -0.13658786
  0.61250705 -0.13593814  1.5188819   1.6106142   1.7619398   0.15942158
  0.94706285  0.750193   -0.52477235  0.04868822 -0.19554028 -0.6680217
  0.0814683  -0.41092762]
Epoch 2
Batch 17
Elements in batch (training-loop) (2, 2)
Parametri: [-0.50986165 -0.60421485  0.81185174  0.9907117   0.59131134 -0.13712819
  0.61250705 -0.13647847  1.5188819   1.6104102   1.7619398   0.15974225
  0.94706285  0.7505137  -0.52477235  0.04824863 -0.19554028 -0.66770023
  0.0814683  -0.41060615]
Epoch 2
Batch 18
Elements in batch (training-loop) (2, 2)
Parametri: [-0.50986165 -0.6045199   0.81185174  0.9903188   0.59131134 -0.13762188
  0.61250705 -0.13697216  1.5188819   1.610113    1.7619398   0.15989688
  0.94706285  0.7506683  -0.52477235  0.04779729 -0.19554028 -0.6675443
  0.0814683  -0.41045025]
Epoch 2
Batch 19
Elements in batch (training-loop) (2, 2)
Parametri: [-0.50986165 -0.6048065   0.81185174  0.9898693   0.59131134 -0.13815066
  0.61250705 -0.13750094  1.5188819   1.6097542   1.7619398   0.16001493
  0.94706285  0.75078636 -0.52477235  0.0472963  -0.19554028 -0.66742474
  0.0814683  -0.4103307 ]
