Epoch 0
Batch 0
Elements in batch (train-step): ((2, 2))
Loss (train-step): (Tensor("add_307:0", shape=(), dtype=float64))
Grad (train-step): (Tensor("AddN_306:0", shape=(130,), dtype=float32))
Elements in batch (train-step): ((2, 2))
Loss (train-step): (Tensor("add_307:0", shape=(), dtype=float64))
Grad (train-step): (Tensor("AddN_306:0", shape=(130,), dtype=float32))
Elements in batch (training-loop) (2, 2)
Parametri: [ 2.1083956   0.19494322  2.5762496  -1.3186687  -0.07757477  1.0625832
  1.6113725   2.5577235  -0.19745883  1.2273911   0.6646713  -1.4185643
  0.3822162   1.6744683  -1.0602748   1.5822589  -0.9569557   0.02113284
 -1.6769742  -0.3746503 ]
Epoch 0
Batch 1
Elements in batch (training-loop) (2, 2)
Parametri: [ 2.1083956   0.19466615  2.5762496  -1.3176751  -0.07757477  1.0635183
  1.6113725   2.5586586  -0.19745883  1.2266461   0.6646713  -1.4178333
  0.3822162   1.6751993  -1.0602748   1.5818785  -0.9569557   0.020261
 -1.6769742  -0.37552214]
Epoch 0
Batch 2
Elements in batch (training-loop) (2, 2)
Parametri: [ 2.1083956   0.1942423   2.5762496  -1.31687    -0.07757477  1.0642221
  1.6113725   2.5593624  -0.19745883  1.2259034   0.6646713  -1.4171001
  0.3822162   1.6759325  -1.0602748   1.5813805  -0.9569557   0.01964268
 -1.6769742  -0.37614045]
Epoch 0
Batch 3
Elements in batch (training-loop) (2, 2)
Parametri: [ 2.1083956   0.19360165  2.5762496  -1.3170037  -0.07757477  1.0638694
  1.6113725   2.5590096  -0.19745883  1.2251546   0.6646713  -1.4163557
  0.3822162   1.6766769  -1.0602748   1.5807241  -0.9569557   0.02006002
 -1.6769742  -0.37572312]
Epoch 0
Batch 4
Elements in batch (training-loop) (2, 2)
Parametri: [ 2.1083956   0.19335593  2.5762496  -1.3168416  -0.07757477  1.0638716
  1.6113725   2.559012   -0.19745883  1.2247915   0.6646713  -1.4159976
  0.3822162   1.677035   -1.0602748   1.5804632  -0.9569557   0.02010847
 -1.6769742  -0.37567466]
Epoch 0
Batch 5
Elements in batch (training-loop) (2, 2)
Parametri: [ 2.1083956   0.19305402  2.5762496  -1.3163381  -0.07757477  1.0641963
  1.6113725   2.5593367  -0.19745883  1.2242397   0.6646713  -1.415453
  0.3822162   1.6775796  -1.0602748   1.5801203  -0.9569557   0.01987712
 -1.6769742  -0.37590602]
Epoch 0
Batch 6
Elements in batch (training-loop) (2, 2)
Parametri: [ 2.1083956   0.19265665  2.5762496  -1.3157495  -0.07757477  1.0645801
  1.6113725   2.5597203  -0.19745883  1.2235847   0.6646713  -1.4148046
  0.3822162   1.678228   -1.0602748   1.579677   -0.9569557   0.019609
 -1.6769742  -0.37617415]
Epoch 0
Batch 7
Elements in batch (training-loop) (2, 2)
Parametri: [ 2.1083956   0.19216742  2.5762496  -1.3150522  -0.07757477  1.0650775
  1.6113725   2.5602179  -0.19745883  1.2228354   0.6646713  -1.4140612
  0.3822162   1.6789714  -1.0602748   1.5791359  -0.9569557   0.01924323
 -1.6769742  -0.37653992]
Epoch 0
Batch 8
Elements in batch (training-loop) (2, 2)
Parametri: [ 2.1083956   0.19155176  2.5762496  -1.314397   -0.07757477  1.0654653
  1.6113725   2.5606055  -0.19745883  1.2220187   0.6646713  -1.4132493
  0.3822162   1.6797833  -1.0602748   1.5784785  -0.9569557   0.01902067
 -1.6769742  -0.37676248]
Epoch 0
Batch 9
Elements in batch (training-loop) (2, 2)
Parametri: [ 2.1083956   0.19083674  2.5762496  -1.3136537  -0.07757477  1.0660517
  1.6113725   2.5611918  -0.19745883  1.2211604   0.6646713  -1.4123932
  0.3822162   1.6806394  -1.0602748   1.5777237  -0.9569557   0.01856715
 -1.6769742  -0.377216  ]
Epoch 0
Batch 10
Elements in batch (training-loop) (2, 2)
Parametri: [ 2.1083956   0.19021599  2.5762496  -1.3130391  -0.07757477  1.0665282
  1.6113725   2.5616684  -0.19745883  1.2204294   0.6646713  -1.4116639
  0.3822162   1.6813687  -1.0602748   1.5770711  -0.9569557   0.01820531
 -1.6769742  -0.37757784]
Epoch 0
Batch 11
Elements in batch (training-loop) (2, 2)
Parametri: [ 2.1083956   0.189604    2.5762496  -1.3125066  -0.07757477  1.0669162
  1.6113725   2.5620563  -0.19745883  1.2197394   0.6646713  -1.4109757
  0.3822162   1.6820569  -1.0602748   1.5764331  -0.9569557   0.01793171
 -1.6769742  -0.37785143]
Epoch 0
Batch 12
Elements in batch (training-loop) (2, 2)
Parametri: [ 2.1083956   0.18887225  2.5762496  -1.3119347  -0.07757477  1.0672641
  1.6113725   2.5624042  -0.19745883  1.2189537   0.6646713  -1.4101915
  0.3822162   1.6828411  -1.0602748   1.5756829  -0.9569557   0.01776114
 -1.6769742  -0.378022  ]
Epoch 0
Batch 13
Elements in batch (training-loop) (2, 2)
Parametri: [ 2.1083956   0.18838467  2.5762496  -1.3112929  -0.07757477  1.0677593
  1.6113725   2.5628994  -0.19745883  1.2183062   0.6646713  -1.4095436
  0.3822162   1.683489   -1.0602748   1.5751641  -0.9569557   0.01739075
 -1.6769742  -0.37839237]
Epoch 0
Batch 14
Elements in batch (training-loop) (2, 2)
Parametri: [ 2.1083956   0.18782061  2.5762496  -1.3105797  -0.07757477  1.0683218
  1.6113725   2.5634618  -0.19745883  1.2175822   0.6646713  -1.4088198
  0.3822162   1.6842128  -1.0602748   1.5745674  -0.9569557   0.01696609
 -1.6769742  -0.37881702]
Epoch 0
Batch 15
Elements in batch (training-loop) (2, 2)
Parametri: [ 2.1083956   0.18723215  2.5762496  -1.3098761  -0.07757477  1.0688668
  1.6113725   2.5640068  -0.19745883  1.2168458   0.6646713  -1.408084
  0.3822162   1.6849486  -1.0602748   1.5739478  -0.9569557   0.01656483
 -1.6769742  -0.37921828]
Epoch 0
Batch 16
Elements in batch (training-loop) (2, 2)
Parametri: [ 2.1083956   0.18663159  2.5762496  -1.30915    -0.07757477  1.0694393
  1.6113725   2.5645792  -0.19745883  1.2160937   0.6646713  -1.4073329
  0.3822162   1.6856997  -1.0602748   1.5733151  -0.9569557   0.01613666
 -1.6769742  -0.37964645]
Epoch 0
Batch 17
Elements in batch (training-loop) (2, 2)
Parametri: [ 2.1083956   0.18604994  2.5762496  -1.3083541  -0.07757477  1.070109
  1.6113725   2.565249   -0.19745883  1.2153211   0.6646713  -1.4065607
  0.3822162   1.6864719  -1.0602748   1.572695   -0.9569557   0.01559492
 -1.6769742  -0.3801882 ]
Epoch 0
Batch 18
Elements in batch (training-loop) (2, 2)
Parametri: [ 2.1083956   0.18552542  2.5762496  -1.3075982  -0.07757477  1.0707555
  1.6113725   2.5658953  -0.19745883  1.2146078   0.6646713  -1.4058475
  0.3822162   1.687185   -1.0602748   1.5721334  -0.9569557   0.01506406
 -1.6769742  -0.38071907]
Epoch 0
Batch 19
Elements in batch (training-loop) (2, 2)
Parametri: [ 2.1083956   0.18504171  2.5762496  -1.3069373  -0.07757477  1.0713112
  1.6113725   2.566451   -0.19745883  1.2139648   0.6646713  -1.405205
  0.3822162   1.6878276  -1.0602748   1.5716175  -0.9569557   0.01461428
 -1.6769742  -0.38116884]
Epoch 1
Batch 0
Elements in batch (training-loop) (2, 2)
Parametri: [ 2.1083956   0.1845536   2.5762496  -1.3062407  -0.07757477  1.071911
  1.6113725   2.5670507  -0.19745883  1.2133029   0.6646713  -1.4045436
  0.3822162   1.688489   -1.0602748   1.5710946  -0.9569557   0.0141184
 -1.6769742  -0.38166472]
Epoch 1
Batch 1
Elements in batch (training-loop) (2, 2)
Parametri: [ 2.1083956   0.18407997  2.5762496  -1.305551   -0.07757477  1.0725102
  1.6113725   2.56765    -0.19745883  1.2126544   0.6646713  -1.4038959
  0.3822162   1.6891367  -1.0602748   1.5705863  -0.9569557   0.01361906
 -1.6769742  -0.38216406]
Epoch 1
Batch 2
Elements in batch (training-loop) (2, 2)
Parametri: [ 2.1083956   0.18368128  2.5762496  -1.304903   -0.07757477  1.0730888
  1.6113725   2.5682287  -0.19745883  1.2120799   0.6646713  -1.4033208
  0.3822162   1.6897118  -1.0602748   1.570155   -0.9569557   0.01312547
 -1.6769742  -0.38265765]
Epoch 1
Batch 3
Elements in batch (training-loop) (2, 2)
Parametri: [ 2.1083956   0.18340032  2.5762496  -1.3042601  -0.07757477  1.0736974
  1.6113725   2.5688374  -0.19745883  1.211595    0.6646713  -1.4028318
  0.3822162   1.6902008  -1.0602748   1.5698419  -0.9569557   0.0125808
 -1.6769742  -0.3832023 ]
Epoch 1
Batch 4
Elements in batch (training-loop) (2, 2)
Parametri: [ 2.1083956   0.18313344  2.5762496  -1.3036816  -0.07757477  1.0742402
  1.6113725   2.5693803  -0.19745883  1.2111479   0.6646713  -1.4023813
  0.3822162   1.6906513  -1.0602748   1.569546   -0.9569557   0.01209844
 -1.6769742  -0.38368466]
Epoch 1
Batch 5
Elements in batch (training-loop) (2, 2)
Parametri: [ 2.1083956   0.18285207  2.5762496  -1.3031024  -0.07757477  1.0747807
  1.6113725   2.5699208  -0.19745883  1.2106884   0.6646713  -1.4019195
  0.3822162   1.6911131  -1.0602748   1.5692351  -0.9569557   0.01162069
 -1.6769742  -0.38416243]
Epoch 1
Batch 6
Elements in batch (training-loop) (2, 2)
Parametri: [ 2.1083956   0.18252774  2.5762496  -1.3025024  -0.07757477  1.0753326
  1.6113725   2.5704727  -0.19745883  1.210187    0.6646713  -1.4014177
  0.3822162   1.6916149  -1.0602748   1.5688796  -0.9569557   0.01113919
 -1.6769742  -0.3846439 ]
Epoch 1
Batch 7
Elements in batch (training-loop) (2, 2)
Parametri: [ 2.1083956   0.18221898  2.5762496  -1.3019646  -0.07757477  1.0758209
  1.6113725   2.570961   -0.19745883  1.2097235   0.6646713  -1.4009546
  0.3822162   1.692078   -1.0602748   1.5685427  -0.9569557   0.01071772
 -1.6769742  -0.38506538]
Epoch 1
Batch 8
Elements in batch (training-loop) (2, 2)
Parametri: [ 2.1083956   0.18190895  2.5762496  -1.3013933  -0.07757477  1.0763487
  1.6113725   2.5714886  -0.19745883  1.2092429   0.6646713  -1.4004744
  0.3822162   1.6925582  -1.0602748   1.5682025  -0.9569557   0.01025612
 -1.6769742  -0.38552698]
Epoch 1
Batch 9
Elements in batch (training-loop) (2, 2)
Parametri: [ 2.1083956   0.1814742   2.5762496  -1.3008357  -0.07757477  1.076813
  1.6113725   2.571953   -0.19745883  1.2086738   0.6646713  -1.3999113
  0.3822162   1.6931213  -1.0602748   1.5677378  -0.9569557   0.00988706
 -1.6769742  -0.38589606]
Epoch 1
Batch 10
Elements in batch (training-loop) (2, 2)
Parametri: [ 2.1083956   0.18112335  2.5762496  -1.3003486  -0.07757477  1.0772288
  1.6113725   2.5723689  -0.19745883  1.2082003   0.6646713  -1.3994414
  0.3822162   1.6935912  -1.0602748   1.5673616  -0.9569557   0.00954887
 -1.6769742  -0.38623425]
Epoch 1
Batch 11
Elements in batch (training-loop) (2, 2)
Parametri: [ 2.1083956   0.18072285  2.5762496  -1.2997397  -0.07757477  1.077774
  1.6113725   2.5729141  -0.19745883  1.2076356   0.6646713  -1.3988804
  0.3822162   1.6941522  -1.0602748   1.5669289  -0.9569557   0.00908544
 -1.6769742  -0.38669768]
Epoch 1
Batch 12
Elements in batch (training-loop) (2, 2)
Parametri: [ 2.1083956   0.18043949  2.5762496  -1.2992231  -0.07757477  1.0782558
  1.6113725   2.5733957  -0.19745883  1.2072023   0.6646713  -1.3984467
  0.3822162   1.6945859  -1.0602748   1.5666198  -0.9569557   0.00866229
 -1.6769742  -0.38712084]
Epoch 1
Batch 13
Elements in batch (training-loop) (2, 2)
Parametri: [ 2.1083956   0.18017006  2.5762496  -1.2986968  -0.07757477  1.0787544
  1.6113725   2.5738945  -0.19745883  1.2067742   0.6646713  -1.3980178
  0.3822162   1.6950148  -1.0602748   1.5663241  -0.9569557   0.00821913
 -1.6769742  -0.387564  ]
Epoch 1
Batch 14
Elements in batch (training-loop) (2, 2)
Parametri: [ 2.1083956   0.17988192  2.5762496  -1.298156   -0.07757477  1.0792649
  1.6113725   2.574405   -0.19745883  1.2063248   0.6646713  -1.3975686
  0.3822162   1.695464   -1.0602748   1.5660084  -0.9569557   0.00776743
 -1.6769742  -0.38801572]
Epoch 1
Batch 15
Elements in batch (training-loop) (2, 2)
Parametri: [ 2.1083956   0.17966515  2.5762496  -1.2976458  -0.07757477  1.0797653
  1.6113725   2.5749054  -0.19745883  1.205943    0.6646713  -1.397184
  0.3822162   1.6958486  -1.0602748   1.5657669  -0.9569557   0.00731214
 -1.6769742  -0.388471  ]
Epoch 1
Batch 16
Elements in batch (training-loop) (2, 2)
Parametri: [ 2.1083956   0.1793696   2.5762496  -1.2970519  -0.07757477  1.0803394
  1.6113725   2.5754795  -0.19745883  1.2054647   0.6646713  -1.3967059
  0.3822162   1.6963267  -1.0602748   1.5654411  -0.9569557   0.00679546
 -1.6769742  -0.3889877 ]
Epoch 1
Batch 17
Elements in batch (training-loop) (2, 2)
Parametri: [ 2.1083956   0.17900981  2.5762496  -1.2965192  -0.07757477  1.0808187
  1.6113725   2.5759587  -0.19745883  1.2049628   0.6646713  -1.3962095
  0.3822162   1.6968231  -1.0602748   1.5650523  -0.9569557   0.00638796
 -1.6769742  -0.38939518]
Epoch 1
Batch 18
Elements in batch (training-loop) (2, 2)
Parametri: [ 2.1083956   0.17865159  2.5762496  -1.2960037  -0.07757477  1.0812794
  1.6113725   2.5764196  -0.19745883  1.2044692   0.6646713  -1.395722
  0.3822162   1.6973106  -1.0602748   1.5646656  -0.9569557   0.00599854
 -1.6769742  -0.3897846 ]
Epoch 1
Batch 19
Elements in batch (training-loop) (2, 2)
Parametri: [ 2.1083956   0.17829333  2.5762496  -1.2954597  -0.07757477  1.0817748
  1.6113725   2.576915   -0.19745883  1.2039621   0.6646713  -1.3952209
  0.3822162   1.6978117  -1.0602748   1.5642774  -0.9569557   0.00557367
 -1.6769742  -0.39020947]
Epoch 2
Batch 0
Elements in batch (training-loop) (2, 2)
Parametri: [ 2.1083956   0.17786455  2.5762496  -1.294887   -0.07757477  1.082281
  1.6113725   2.5774212  -0.19745883  1.2033899   0.6646713  -1.3946583
  0.3822162   1.6983743  -1.0602748   1.5638162  -0.9569557   0.00515186
 -1.6769742  -0.3906313 ]
Epoch 2
Batch 1
Elements in batch (training-loop) (2, 2)
Parametri: [ 2.1083956   0.17745428  2.5762496  -1.294318   -0.07757477  1.0827904
  1.6113725   2.5779305  -0.19745883  1.2028328   0.6646713  -1.3941102
  0.3822162   1.6989224  -1.0602748   1.5633739  -0.9569557   0.00472289
 -1.6769742  -0.39106026]
Epoch 2
Batch 2
Elements in batch (training-loop) (2, 2)
Parametri: [ 2.1083956   0.17706987  2.5762496  -1.2937816  -0.07757477  1.0832716
  1.6113725   2.5784118  -0.19745883  1.2023093   0.6646713  -1.3935951
  0.3822162   1.6994375  -1.0602748   1.5629593  -0.9569557   0.00431689
 -1.6769742  -0.39146626]
Epoch 2
Batch 3
Elements in batch (training-loop) (2, 2)
Parametri: [ 2.1083956   0.17677003  2.5762496  -1.2933593  -0.07757477  1.0836511
  1.6113725   2.5787911  -0.19745883  1.201901    0.6646713  -1.3931925
  0.3822162   1.6998401  -1.0602748   1.5626363  -0.9569557   0.00399565
 -1.6769742  -0.3917875 ]
Epoch 2
Batch 4
Elements in batch (training-loop) (2, 2)
Parametri: [ 2.1083956   0.17648762  2.5762496  -1.292951   -0.07757477  1.0840212
  1.6113725   2.5791614  -0.19745883  1.2015115   0.6646713  -1.3928082
  0.3822162   1.7002244  -1.0602748   1.5623316  -0.9569557   0.00368028
 -1.6769742  -0.39210287]
Epoch 2
Batch 5
Elements in batch (training-loop) (2, 2)
Parametri: [ 2.1083956   0.17616348  2.5762496  -1.2924352  -0.07757477  1.084506
  1.6113725   2.579646   -0.19745883  1.2010416   0.6646713  -1.3923436
  0.3822162   1.700689   -1.0602748   1.5619795  -0.9569557   0.00325549
 -1.6769742  -0.39252767]
Epoch 2
Batch 6
Elements in batch (training-loop) (2, 2)
Parametri: [ 2.1083956   0.17584957  2.5762496  -1.2919619  -0.07757477  1.084945
  1.6113725   2.580085   -0.19745883  1.2005976   0.6646713  -1.391906
  0.3822162   1.7011266  -1.0602748   1.5616394  -0.9569557   0.00287478
 -1.6769742  -0.3929084 ]
Epoch 2
Batch 7
Elements in batch (training-loop) (2, 2)
Parametri: [ 2.1083956e+00  1.7544301e-01  2.5762496e+00 -1.2914914e+00
 -7.7574767e-02  1.0853475e+00  1.6113725e+00  2.5804875e+00
 -1.9745883e-01  1.2000844e+00  6.6467130e-01 -1.3914062e+00
  3.8221619e-01  1.7016264e+00 -1.0602748e+00  1.5612037e+00
 -9.5695567e-01  2.5497826e-03 -1.6769742e+00 -3.9323339e-01]
Epoch 2
Batch 8
Elements in batch (training-loop) (2, 2)
Parametri: [ 2.1083956e+00  1.7504668e-01  2.5762496e+00 -1.2910929e+00
 -7.7574767e-02  1.0856690e+00  1.6113725e+00  2.5808089e+00
 -1.9745883e-01  1.1996099e+00  6.6467130e-01 -1.3909467e+00
  3.8221619e-01  1.7020859e+00 -1.0602748e+00  1.5607808e+00
 -9.5695567e-01  2.3040320e-03 -1.6769742e+00 -3.9347914e-01]
Epoch 2
Batch 9
Elements in batch (training-loop) (2, 2)
Parametri: [ 2.1083956e+00  1.7468902e-01  2.5762496e+00 -1.2906828e+00
 -7.7574767e-02  1.0860188e+00  1.6113725e+00  2.5811586e+00
 -1.9745883e-01  1.1991590e+00  6.6467130e-01 -1.3905079e+00
  3.8221619e-01  1.7025247e+00 -1.0602748e+00  1.5603975e+00
 -9.5695567e-01  2.0223740e-03 -1.6769742e+00 -3.9376080e-01]
Epoch 2
Batch 10
Elements in batch (training-loop) (2, 2)
Parametri: [ 2.1083956e+00  1.7437465e-01  2.5762496e+00 -1.2903076e+00
 -7.7574767e-02  1.0863434e+00  1.6113725e+00  2.5814834e+00
 -1.9745883e-01  1.1987563e+00  6.6467130e-01 -1.3901153e+00
  3.8221619e-01  1.7029173e+00 -1.0602748e+00  1.5600603e+00
 -9.5695567e-01  1.7576256e-03 -1.6769742e+00 -3.9402553e-01]
Epoch 2
Batch 11
Elements in batch (training-loop) (2, 2)
Parametri: [ 2.1083956e+00  1.7411940e-01  2.5762496e+00 -1.2899005e+00
 -7.7574767e-02  1.0867269e+00  1.6113725e+00  2.5818670e+00
 -1.9745883e-01  1.1983835e+00  6.6467130e-01 -1.3897467e+00
  3.8221619e-01  1.7032859e+00 -1.0602748e+00  1.5597836e+00
 -9.5695567e-01  1.4228647e-03 -1.6769742e+00 -3.9436030e-01]
Epoch 2
Batch 12
Elements in batch (training-loop) (2, 2)
Parametri: [ 2.1083956e+00  1.7388690e-01  2.5762496e+00 -1.2895627e+00
 -7.7574767e-02  1.0870371e+00  1.6113725e+00  2.5821772e+00
 -1.9745883e-01  1.1980585e+00  6.6467130e-01 -1.3894268e+00
  3.8221619e-01  1.7036058e+00 -1.0602748e+00  1.5595325e+00
 -9.5695567e-01  1.1569198e-03 -1.6769742e+00 -3.9462626e-01]
Epoch 2
Batch 13
Elements in batch (training-loop) (2, 2)
Parametri: [ 2.1083956e+00  1.7369878e-01  2.5762496e+00 -1.2891949e+00
 -7.7574767e-02  1.0873986e+00  1.6113725e+00  2.5825386e+00
 -1.9745883e-01  1.1977532e+00  6.6467130e-01 -1.3891220e+00
  3.8221619e-01  1.7039106e+00 -1.0602748e+00  1.5593269e+00
 -9.5695567e-01  8.3147536e-04 -1.6769742e+00 -3.9495170e-01]
Epoch 2
Batch 14
Elements in batch (training-loop) (2, 2)
Parametri: [ 2.1083956e+00  1.7349139e-01  2.5762496e+00 -1.2888348e+00
 -7.7574767e-02  1.0877452e+00  1.6113725e+00  2.5828850e+00
 -1.9745883e-01  1.1974357e+00  6.6467130e-01 -1.3888073e+00
  3.8221619e-01  1.7042253e+00 -1.0602748e+00  1.5591011e+00
 -9.5695567e-01  5.2468380e-04 -1.6769742e+00 -3.9525849e-01]
Epoch 2
Batch 15
Elements in batch (training-loop) (2, 2)
Parametri: [ 2.1083956e+00  1.7327248e-01  2.5762496e+00 -1.2883409e+00
 -7.7574767e-02  1.0882456e+00  1.6113725e+00  2.5833855e+00
 -1.9745883e-01  1.1970451e+00  6.6467130e-01 -1.3884161e+00
  3.8221619e-01  1.7046165e+00 -1.0602748e+00  1.5588590e+00
 -9.5695567e-01  6.4482476e-05 -1.6769742e+00 -3.9571869e-01]
Epoch 2
Batch 16
Elements in batch (training-loop) (2, 2)
Parametri: [ 2.1083956e+00  1.7312400e-01  2.5762496e+00 -1.2878318e+00
 -7.7574767e-02  1.0887868e+00  1.6113725e+00  2.5839267e+00
 -1.9745883e-01  1.1967001e+00  6.6467130e-01 -1.3880637e+00
  3.8221619e-01  1.7049689e+00 -1.0602748e+00  1.5586904e+00
 -9.5695567e-01 -4.4838261e-04 -1.6769742e+00 -3.9623156e-01]
Epoch 2
Batch 17
Elements in batch (training-loop) (2, 2)
Parametri: [ 2.1083956e+00  1.7302464e-01  2.5762496e+00 -1.2873266e+00
 -7.7574767e-02  1.0893397e+00  1.6113725e+00  2.5844796e+00
 -1.9745883e-01  1.1963938e+00  6.6467130e-01 -1.3877457e+00
  3.8221619e-01  1.7052869e+00 -1.0602748e+00  1.5585736e+00
 -9.5695567e-01 -9.8132493e-04 -1.6769742e+00 -3.9676452e-01]
Epoch 2
Batch 18
Elements in batch (training-loop) (2, 2)
Parametri: [ 2.1083956e+00  1.7301448e-01  2.5762496e+00 -1.2868751e+00
 -7.7574767e-02  1.0898606e+00  1.6113725e+00  2.5850003e+00
 -1.9745883e-01  1.1961821e+00  6.6467130e-01 -1.3875158e+00
  3.8221619e-01  1.7055168e+00 -1.0602748e+00  1.5585524e+00
 -9.5695567e-01 -1.4977318e-03 -1.6769742e+00 -3.9728093e-01]
Epoch 2
Batch 19
Elements in batch (training-loop) (2, 2)
Parametri: [ 2.1083956e+00  1.7298420e-01  2.5762496e+00 -1.2864803e+00
 -7.7574767e-02  1.0903083e+00  1.6113725e+00  2.5854480e+00
 -1.9745883e-01  1.1959805e+00  6.6467130e-01 -1.3873001e+00
  3.8221619e-01  1.7057325e+00 -1.0602748e+00  1.5585113e+00
 -9.5695567e-01 -1.9378640e-03 -1.6769742e+00 -3.9772105e-01]
