Epoch 0
Batch 0
Elements in batch (train-step): ((2, 2))
Loss (train-step): (0.37963449163826335)
Grad (train-step): ([ 0.0000000e+00 -1.8883920e-01  0.0000000e+00  6.4243621e-01
  0.0000000e+00 -1.9220352e-01  0.0000000e+00 -1.9220349e-01
  0.0000000e+00 -6.0116053e-01  0.0000000e+00  7.7274226e-02
  0.0000000e+00  7.7274233e-02  0.0000000e+00  1.9975092e-01
  0.0000000e+00  3.2614344e-01  0.0000000e+00  3.2614344e-01
  0.0000000e+00  5.8126736e-01  6.5564718e-03 -3.8617786e-02
 -5.1744126e-02 -3.8617782e-02  8.0233775e-03  4.8268083e-01
  0.0000000e+00  2.6046523e-01  0.0000000e+00  2.6046526e-01
  1.3238610e-02  5.2348167e-01  0.0000000e+00  2.6846203e-01
 -3.0729949e-05  2.6846200e-01  1.4780785e-01  3.3178508e-01
  3.3363718e-01  4.6471840e-01  4.5148471e-01  4.6471843e-01
  6.4651300e-03  3.3637282e-01  0.0000000e+00  4.1999948e-01
  0.0000000e+00  4.1999951e-01  0.0000000e+00  2.0869826e-01
 -2.4154052e-02  3.8136985e-02  6.4216375e-02  3.8136981e-02
  1.0499433e-01  1.9397578e-01  2.4084270e-01  2.7822721e-01
  2.9741108e-02  2.7822724e-01  0.0000000e+00 -4.0632284e-01
  0.0000000e+00 -5.2347279e-01  0.0000000e+00 -5.2347285e-01
 -2.6387015e-01 -2.7691045e-01  1.9545315e-02  5.3860438e-01
  1.1497243e-02  5.3860438e-01  2.3192699e-01  3.1750119e-01
  6.3169129e-02  1.7288908e-01  0.0000000e+00  1.7288911e-01
  0.0000000e+00  3.2524770e-01  0.0000000e+00  4.5550823e-01
  3.7539044e-01  4.5550823e-01  0.0000000e+00  4.2566684e-01
  1.7298390e-01  4.4949716e-01  3.3703652e-01  4.4949710e-01
  0.0000000e+00  3.9630762e-01  0.0000000e+00  5.1582921e-01
  0.0000000e+00  5.1582921e-01  0.0000000e+00  5.6233097e-02
  6.2860191e-02  9.3930028e-02  7.5472102e-02  9.3930036e-02
  2.0741683e-01  6.6493988e-01  0.0000000e+00  9.6674584e-02
  0.0000000e+00  9.6674562e-02  0.0000000e+00  4.0005676e-02
  0.0000000e+00 -5.0742769e-01  0.0000000e+00 -5.0742769e-01
  0.0000000e+00  5.4352365e-02  0.0000000e+00 -4.9352175e-01
  0.0000000e+00 -4.9352172e-01  0.0000000e+00  7.5915083e-03
  0.0000000e+00  4.5787880e-01  0.0000000e+00  4.5787877e-01
  1.2888095e-01  1.2989977e-01])
Elements in batch (training-loop) (2, 2)
Parametri: [-0.14186126  1.6274784  -0.7814566  -0.18532944  0.85524905  1.0297736
 -0.39239255  1.7524855   0.83424574  0.96764684 -2.670862   -0.9899478
  0.06093483 -0.44216093  1.0615003   0.41258702  2.131183    0.02070551
 -1.2037237  -1.3716534 ]
Epoch 0
Batch 1
Elements in batch (train-step): ((2, 2))
Loss (train-step): (0.3359928915950203)
Grad (train-step): ([ 0.00000000e+00  3.86843234e-01  0.00000000e+00  3.90139639e-01
  0.00000000e+00  3.76139492e-01  0.00000000e+00  3.76139462e-01
  0.00000000e+00 -3.97940338e-01  0.00000000e+00  2.54615247e-01
  0.00000000e+00  2.54615247e-01  0.00000000e+00 -3.33667308e-01
  0.00000000e+00  3.75687420e-01  0.00000000e+00  3.75687420e-01
  3.12100071e-02  1.45178050e-01  2.41955787e-01  2.67441064e-01
  2.20380336e-01  2.67441034e-01  6.38007969e-02  2.91905284e-01
  0.00000000e+00 -1.46587923e-01  0.00000000e+00 -1.46587908e-01
  0.00000000e+00  4.31666002e-02  0.00000000e+00 -2.50435956e-02
 -5.13357259e-02 -2.50435807e-02  5.52266166e-02  5.41230679e-01
 -3.21882702e-02 -4.95166853e-02 -5.00011183e-02 -4.95167151e-02
  0.00000000e+00  5.40591657e-01  0.00000000e+00 -5.47852814e-02
  0.00000000e+00 -5.47853075e-02  0.00000000e+00  4.98720884e-01
 -1.68885678e-01 -1.88036829e-01  4.21184022e-03 -1.88036829e-01
  0.00000000e+00  1.65978760e-01  2.86555570e-02  2.91918181e-02
 -1.19237426e-04  2.91918181e-02  0.00000000e+00 -4.35292006e-01
  0.00000000e+00 -3.11876476e-01  0.00000000e+00 -3.11876476e-01
 -1.72896564e-01 -1.94239393e-01  0.00000000e+00  5.34245610e-01
  0.00000000e+00  5.34245610e-01  2.72596460e-02  4.91583012e-02
  9.89133418e-02  1.81844190e-01  0.00000000e+00  1.81844190e-01
  0.00000000e+00  8.57207552e-02  1.15405535e-02  4.51640069e-01
  4.15009081e-01  4.51640069e-01  9.66723859e-02  1.81107700e-01
  1.92478120e-01  5.12242794e-01  4.62208688e-01  5.12242794e-01
  7.58905429e-04  2.12237626e-01  0.00000000e+00  4.53147680e-01
  0.00000000e+00  4.53147709e-01  0.00000000e+00 -2.72882700e-01
  2.30047181e-02  2.01468855e-01  1.89387351e-01  2.01468870e-01
  5.06596684e-01  5.35792947e-01  4.48106751e-02  1.56919941e-01
  0.00000000e+00  1.56919956e-01  0.00000000e+00  3.94370556e-01
  0.00000000e+00 -2.16221973e-01  0.00000000e+00 -2.16221958e-01
  0.00000000e+00  4.05402839e-01  0.00000000e+00 -3.34554613e-01
  0.00000000e+00 -3.34554613e-01  0.00000000e+00  3.84492218e-01
  0.00000000e+00  2.20248014e-01  0.00000000e+00  2.20247984e-01
  4.52053577e-01  4.56035614e-01])
Elements in batch (training-loop) (2, 2)
Parametri: [-0.14186126  1.6271034  -0.7814566  -0.18628846  0.85524905  1.0294156
 -0.39239255  1.7521275   0.83424574  0.96861637 -2.670862   -0.9908544
  0.06093483 -0.44306752  1.0615003   0.41288152  2.131183    0.01970434
 -1.2037237  -1.3726546 ]
Epoch 0
Batch 2
Elements in batch (train-step): ((2, 2))
Loss (train-step): (0.530059877155359)
Grad (train-step): ([ 0.         -0.3528307   0.          0.60018575  0.         -0.35299206
  0.         -0.35299206  0.         -0.5503908   0.         -0.00092573
  0.         -0.00092572  0.          0.3485991   0.          0.2413474
  0.          0.2413474   0.          0.6155171   0.         -0.19343527
 -0.07031167 -0.19343524  0.4108877   0.6160842   0.          0.03741992
  0.          0.03741993  0.          0.68977237  0.          0.04868786
  0.          0.04868788  0.41078332  0.46858177  0.0524014   0.3042525
  0.2872364   0.3042525   0.16144513  0.42796454  0.          0.51543534
  0.          0.51543534  0.          0.47592562  0.          0.36916125
  0.16235238  0.36916125  0.2584004   0.41371325  0.          0.5032513
  0.18550096  0.5032514   0.          0.22107494  0.         -0.6424473
  0.         -0.64244723  0.01319205  0.05756189 -0.03443868 -0.08317788
 -0.01074509 -0.08317786  0.3553076   0.52486473  0.          0.27140722
  0.          0.27140725  0.          0.5263174   0.          0.03732272
  0.08327615  0.03732271  0.02177214  0.37799576  0.00756503  0.07317056
  0.07616396  0.07317054  0.          0.42048055  0.         -0.11999013
  0.         -0.11999013 -0.24594451 -0.58167166  0.08505142  0.08775239
  0.07124781  0.08775242  0.12993664  0.3089431   0.         -0.10758941
  0.         -0.10758939  0.         -0.50845337  0.         -0.37540993
  0.         -0.3754099   0.         -0.503958    0.         -0.17437668
  0.         -0.1743767   0.         -0.539064    0.          0.30202207
  0.          0.30202207 -0.46609986 -0.47757348])
Elements in batch (training-loop) (2, 2)
Parametri: [-0.14186126  1.6272844  -0.7814566  -0.1872664   0.85524905  1.0296131
 -0.39239255  1.752325    0.83424574  0.9695997  -2.670862   -0.99155295
  0.06093483 -0.4437661   1.0615003   0.41262445  2.131183    0.01872915
 -1.2037237  -1.3736298 ]
Epoch 0
Batch 3
Elements in batch (train-step): ((2, 2))
Loss (train-step): (0.6265166456549429)
Grad (train-step): ([ 0.         -0.57753795  0.         -0.6585441   0.         -0.5605077
  0.         -0.56050766  0.          0.6671294   0.         -0.39693668
  0.         -0.3969367   0.          0.4937985   0.         -0.6066326
  0.         -0.6066327   0.         -0.2809762   0.         -0.629836
 -0.10598438 -0.629836   -0.44794133 -0.55791545  0.         -0.29697463
  0.         -0.2969746   0.         -0.15349495  0.         -0.4855439
  0.         -0.4855439   0.         -0.6579749  -0.05753759 -0.15006198
 -0.13897462 -0.15006195  0.         -0.6735749   0.          0.2866747
  0.          0.2866747   0.         -0.40693232  0.          0.72245413
  0.          0.7224541  -0.11737742 -0.12463709  0.02401856  0.48645723
  0.          0.48645723  0.          0.2031371   0.          0.29050124
  0.          0.2905012   0.         -0.393311   -0.5685096  -0.78089917
 -0.34811017 -0.78089917  0.          0.06215756  0.         -0.8021536
  0.         -0.8021536   0.          0.06303112  0.         -0.8694103
 -0.03122342 -0.8694102   0.14682789  0.15400791  0.         -0.20493583
  0.         -0.20493585  0.          0.5864445   0.          0.02184161
  0.          0.02184162  0.          0.5856551  -0.2027503  -0.4371611
 -0.2948537  -0.43716115  0.          0.55975324  0.          0.2520523
  0.          0.25205234  0.          0.659619    0.         -0.2660324
  0.         -0.26603246  0.          0.6771808   0.         -0.47338876
  0.         -0.4733888   0.          0.65017974  0.          0.28430492
  0.          0.28430492  0.7426661   0.74917257])
Elements in batch (training-loop) (2, 2)
Parametri: [-0.14186126  1.6278058  -0.7814566  -0.18759863  0.85524905  1.0301412
 -0.39239255  1.7528532   0.83424574  0.9699038  -2.670862   -0.9913885
  0.06093483 -0.44360164  1.0615003   0.41207206  2.131183    0.01862103
 -1.2037237  -1.3737379 ]
Epoch 0
Batch 4
Elements in batch (train-step): ((2, 2))
Loss (train-step): (0.05234690750677928)
Grad (train-step): ([ 0.          0.06737202  0.         -0.08274857  0.          0.06707072
  0.          0.06707073  0.          0.07470348  0.          0.00784483
  0.          0.00784483  0.         -0.06512403  0.         -0.02657341
  0.         -0.0265734   0.         -0.09245732  0.0349257   0.04322664
 -0.02556483  0.04322663  0.         -0.11272133  0.          0.03451435
  0.          0.03451434  0.         -0.11154103  0.          0.02541512
  0.          0.02541511 -0.01652267 -0.10229141  0.00480981 -0.01526681
  0.         -0.01526681  0.         -0.07767258  0.         -0.06691715
  0.         -0.06691715  0.         -0.08928485  0.         -0.05278
  0.         -0.05278001 -0.02545169 -0.04300857  0.         -0.08271647
  0.         -0.08271647  0.         -0.01541806  0.          0.10784981
  0.          0.10784983  0.          0.00478165  0.          0.00467658
  0.01467215  0.00467657  0.         -0.1082524   0.          0.01213977
  0.          0.01213979  0.         -0.10824244  0.          0.00792146
  0.          0.00792147  0.01437465 -0.07507554  0.03442061  0.02576635
  0.          0.02576635  0.         -0.03639352  0.          0.06389807
  0.          0.06389808  0.          0.10327926  0.          0.06341559
 -0.02895677  0.06341557  0.04758954  0.04999534  0.          0.05015678
  0.          0.05015677  0.          0.15488102  0.          0.00148616
  0.          0.00148617  0.          0.15711294  0.         -0.05198728
  0.         -0.05198727  0.          0.15698013  0.          0.00968146
  0.          0.00968146  0.16210186  0.16505936])
Elements in batch (training-loop) (2, 2)
Parametri: [-0.14186126  1.6281993  -0.7814566  -0.18784006  0.85524905  1.0305395
 -0.39239255  1.7532514   0.83424574  0.9701241  -2.670862   -0.99125844
  0.06093483 -0.4434716   1.0615003   0.41165635  2.131183    0.01854735
 -1.2037237  -1.3738116 ]
Epoch 0
Batch 5
Elements in batch (train-step): ((2, 2))
Loss (train-step): (0.06621528297129252)
Grad (train-step): ([ 0.         -0.0126438   0.          0.11436287  0.         -0.01364864
  0.         -0.01364864  0.         -0.10855439  0.          0.02216222
  0.          0.02216223  0.          0.01671025  0.          0.06506704
  0.          0.06506705  0.          0.09504989  0.          0.01082455
 -0.02045216  0.01082456  0.12796177  0.11512163  0.          0.00990106
  0.          0.00990106  0.          0.09812138  0.          0.02414397
  0.          0.02414398  0.00059764  0.10551172  0.03580568  0.04456392
  0.05802867  0.04456393  0.          0.10520232  0.          0.03523921
  0.          0.03523922  0.          0.08393227  0.         -0.02480811
 -0.05170051 -0.0248081   0.00974791  0.12889388 -0.01729147 -0.00332443
  0.         -0.00332442  0.         -0.00637044  0.         -0.09063299
  0.         -0.090633    0.01906335  0.04189174  0.00890125  0.08719947
 -0.0347753   0.08719947  0.04235372  0.04242057  0.          0.09879659
  0.          0.09879659  0.          0.04232517  0.          0.09929022
  0.13066113  0.09929024 -0.0105948   0.02767122  0.09595915  0.12254238
  0.01118998  0.12254237  0.          0.0346492   0.          0.11503901
  0.          0.11503901  0.         -0.0458895   0.06321447  0.06274035
  0.05946238  0.06274034  0.0087886   0.07040487  0.         -0.0167233
  0.         -0.01672329  0.         -0.07160774  0.         -0.07627355
  0.         -0.07627355  0.         -0.07032001  0.         -0.0408311
  0.         -0.0408311   0.         -0.07790748  0.          0.06367911
  0.          0.06367911 -0.0581155  -0.06474206])
Elements in batch (training-loop) (2, 2)
Parametri: [-0.14186126  1.6285466  -0.7814566  -0.18809809  0.85524905  1.0308918
 -0.39239255  1.7536037   0.83424574  0.9703632  -2.670862   -0.9911707
  0.06093483 -0.44338387  1.0615003   0.41128606  2.131183    0.01844276
 -1.2037237  -1.3739161 ]
Epoch 0
Batch 6
Elements in batch (train-step): ((2, 2))
Loss (train-step): (0.1168797516765481)
Grad (train-step): ([ 0.          0.18846083  0.          0.17120925  0.          0.18328577
  0.          0.18328579  0.         -0.1761261   0.          0.11817665
  0.          0.11817666  0.         -0.1638289   0.          0.17041433
  0.          0.17041434 -0.00342118  0.05791564  0.1237384   0.1805413
  0.1229213   0.18054132  0.0398916   0.11874849  0.          0.02802209
  0.          0.02802208  0.          0.00406725  0.00625943  0.08087918
  0.03320975  0.08087918  0.08121759  0.25421363  0.0336583   0.03378163
  0.03015768  0.03378163  0.          0.25311446  0.         -0.03191183
  0.         -0.03191184  0.10570116  0.19659887 -0.10240129 -0.13154912
 -0.00198227 -0.13154912  0.          0.07082538 -0.02499121 -0.02877816
 -0.03130325 -0.02877817  0.         -0.20934115  0.         -0.1050522
 -0.00452577 -0.1050522  -0.11027852 -0.1350224   0.01918265  0.20164643
  0.00216266  0.20164645  0.03064996  0.02238812 -0.02858777  0.03402738
  0.          0.03402739  0.          0.04399713  0.00269851  0.16108416
  0.15900506  0.16108416  0.00853555  0.08529536  0.07379078  0.17784038
  0.12719339  0.17784038  0.0011885   0.0717677   0.          0.22107045
  0.          0.22107044  0.          0.06319165  0.04274566  0.10493904
  0.10287166  0.10493903  0.12848784  0.16309685 -0.00852543 -0.00533074
  0.         -0.00533073  0.          0.02101277  0.          0.08287282
  0.          0.0828728   0.          0.01840654  0.          0.06987621
  0.          0.06987619  0.          0.02679143  0.         -0.07257611
  0.         -0.07257608  0.00770434  0.00775495])
Elements in batch (training-loop) (2, 2)
Parametri: [-0.14186126  1.6287262  -0.7814566  -0.18839428  0.85524905  1.0310766
 -0.39239255  1.7537885   0.83424574  0.9706474  -2.670862   -0.991218
  0.06093483 -0.44343114  1.0615003   0.411083    2.131183    0.01825055
 -1.2037237  -1.3741083 ]
Epoch 0
Batch 7
Elements in batch (train-step): ((2, 2))
Loss (train-step): (0.19615847199582723)
Grad (train-step): ([ 0.         -0.15779553  0.          0.28102744  0.         -0.15805589
  0.         -0.15805587  0.         -0.25860608  0.          0.00219602
  0.          0.00219601  0.          0.15614128  0.          0.11486557
  0.          0.11486559  0.          0.28537247  0.         -0.08422492
 -0.13857035 -0.08422492  0.2163346   0.248411    0.00669458 -0.00443308
  0.         -0.00443308  0.          0.26065218  0.          0.00709041
 -0.00354108  0.0070904  -0.02943975  0.19757138  0.0839165   0.0848448
  0.08424506  0.0848448  -0.00800093  0.2128723   0.          0.12425177
  0.          0.12425179  0.          0.20229916  0.1214513   0.03724952
  0.03743506  0.03724951  0.06147502  0.2283814   0.04982145  0.07683706
  0.1359311   0.07683706  0.          0.01377793  0.         -0.25626832
 -0.04716349 -0.25626832  0.14629582  0.14770989  0.01188175  0.21004191
  0.10099874  0.21004187  0.10471222  0.12186363  0.04068553  0.28197485
  0.          0.28197488  0.          0.10485002  0.01706021  0.24821058
  0.12986512  0.24821062  0.12473889  0.15634602  0.18326288  0.21040596
  0.03531866  0.21040598  0.03919398  0.04665021  0.          0.1755118
  0.          0.1755118  -0.03689998 -0.17582043  0.11814505  0.12861489
  0.07025749  0.12861489  0.08019581 -0.08941893  0.00073266 -0.03799849
  0.         -0.03799849  0.         -0.09321801  0.          0.04687024
  0.          0.04687025  0.         -0.09647456  0.          0.07629822
  0.          0.07629825  0.         -0.09147021  0.         -0.0488392
  0.         -0.04883923 -0.1073704  -0.10818895])
Elements in batch (training-loop) (2, 2)
Parametri: [-0.14186126  1.6289749  -0.7814566  -0.18876286  0.85524905  1.0313317
 -0.39239255  1.7540436   0.83424574  0.9710011  -2.670862   -0.99126184
  0.06093483 -0.443475    1.0615003   0.41080534  2.131183    0.01801544
 -1.2037237  -1.3743434 ]
Epoch 0
Batch 8
Elements in batch (train-step): ((2, 2))
Loss (train-step): (0.08418939440443861)
Grad (train-step): ([ 0.00000000e+00  8.64005536e-02  0.00000000e+00  1.98919058e-01
  0.00000000e+00  8.26917961e-02  0.00000000e+00  8.26918110e-02
  0.00000000e+00 -1.96053863e-01  0.00000000e+00  8.25918317e-02
  0.00000000e+00  8.25918391e-02  0.00000000e+00 -6.98873252e-02
  0.00000000e+00  1.50923222e-01  0.00000000e+00  1.50923207e-01
  0.00000000e+00  1.21590249e-01  9.89075378e-03  1.14155591e-01
  4.19133343e-02  1.14155598e-01  0.00000000e+00  1.38791218e-01
  0.00000000e+00  1.12552442e-01  0.00000000e+00  1.12552449e-01
  0.00000000e+00  8.55217129e-02  0.00000000e+00  1.39900476e-01
  1.75556727e-02  1.39900446e-01  6.42186701e-02  1.50733769e-01
  7.99298659e-02  1.34419739e-01  3.43281366e-02  1.34419754e-01
  2.35301685e-02  1.47681803e-01  0.00000000e+00  5.65999374e-02
  0.00000000e+00  5.65999374e-02  0.00000000e+00  7.01824129e-02
 -6.38484135e-02 -1.02765188e-01 -3.22421528e-02 -1.02765188e-01
  4.34846990e-02  6.43625706e-02  2.30370853e-02 -2.42343098e-02
 -4.72181737e-02 -2.42342949e-02  0.00000000e+00 -1.59374505e-01
  0.00000000e+00 -1.15231343e-01 -1.80037797e-03 -1.15231335e-01
 -2.97489595e-02 -6.89424127e-02  7.34545663e-02  2.17912912e-01
  0.00000000e+00  2.17912883e-01  7.09206387e-02  5.08858152e-02
  2.06577238e-02  1.04179710e-01  0.00000000e+00  1.04179725e-01
  0.00000000e+00  6.00058287e-02  8.74432095e-04  1.97112352e-01
  1.26658052e-01  1.97112367e-01  9.45774838e-03  9.84984934e-02
  2.59289909e-02  1.95361927e-01  1.92135513e-01  1.95361942e-01
  2.06820660e-05  9.05361772e-02  0.00000000e+00  2.06295431e-01
  0.00000000e+00  2.06295431e-01  0.00000000e+00 -1.52632724e-02
  1.29456408e-02  8.74577612e-02  8.25210139e-02  8.74577612e-02
  1.19722791e-01  1.77676335e-01  8.09251796e-04  6.41241968e-02
  0.00000000e+00  6.41241968e-02  0.00000000e+00  1.49542689e-01
  0.00000000e+00 -9.64973047e-02  0.00000000e+00 -9.64972898e-02
  0.00000000e+00  1.55671164e-01  0.00000000e+00 -1.42171293e-01
  0.00000000e+00 -1.42171293e-01  0.00000000e+00  1.45361602e-01
  0.00000000e+00  9.75119546e-02  0.00000000e+00  9.75119621e-02
  1.75820887e-01  1.77481294e-01])
Elements in batch (training-loop) (2, 2)
Parametri: [-0.14186126  1.6291444  -0.7814566  -0.18916468  0.85524905  1.0315081
 -0.39239255  1.75422     0.83424574  0.9713914  -2.670862   -0.9913812
  0.06093483 -0.44359443  1.0615003   0.41060498  2.131183    0.0177242
 -1.2037237  -1.3746346 ]
Epoch 0
Batch 9
Elements in batch (train-step): ((2, 2))
Loss (train-step): (0.013568305987830374)
Grad (train-step): ([ 0.00000000e+00 -1.15712881e-02  0.00000000e+00  5.36561944e-02
  0.00000000e+00 -1.19542498e-02  0.00000000e+00 -1.19542498e-02
  0.00000000e+00 -5.06088473e-02  0.00000000e+00  7.99248088e-03
  0.00000000e+00  7.99248181e-03  0.00000000e+00  1.29029406e-02
  0.00000000e+00  2.84210127e-02  0.00000000e+00  2.84210090e-02
  0.00000000e+00  4.69674356e-02  6.04116067e-04  1.84084871e-04
  8.44395545e-04  1.84082775e-04  1.88347250e-02  5.44627681e-02
 -1.05825065e-05  5.94478846e-03  0.00000000e+00  5.94478752e-03
  0.00000000e+00  4.90689538e-02  0.00000000e+00  1.16305165e-02
  0.00000000e+00  1.16305202e-02  4.27977294e-02  4.80612591e-02
  2.03769542e-02  2.19611023e-02  2.16015875e-02  2.19610985e-02
  0.00000000e+00  4.93339077e-02  0.00000000e+00  2.24711578e-02
  0.00000000e+00  2.24711560e-02  0.00000000e+00  4.10894044e-02
 -1.44393812e-03 -4.67331102e-03 -3.65111814e-03 -4.67331102e-03
  1.46828927e-04  3.43260206e-02  6.23573922e-03  1.27797294e-02
  5.21467347e-03  1.27797266e-02  0.00000000e+00 -1.46689927e-02
  0.00000000e+00 -4.90405150e-02  0.00000000e+00 -4.90405113e-02
  2.63933372e-03  2.24275957e-03 -2.73378915e-04  4.85390313e-02
 -1.84577133e-04  4.85390276e-02  3.33362189e-03  2.40083076e-02
  2.69966666e-02  3.50242481e-02  0.00000000e+00  3.50242481e-02
  0.00000000e+00  2.75503173e-02  0.00000000e+00  4.67239395e-02
  4.62789312e-02  4.67239395e-02  1.15101486e-02  2.82254927e-02
  0.00000000e+00  4.00894247e-02  2.02582311e-02  4.00894247e-02
  7.45644793e-04  2.23171264e-02  0.00000000e+00  2.73210015e-02
  0.00000000e+00  2.73210071e-02 -2.25493801e-04 -4.39188890e-02
  2.08564429e-03  9.56537575e-03  8.39240942e-03  9.56537575e-03
  5.01590595e-02  5.03873788e-02  1.19806016e-02  1.68386139e-02
 -3.81680984e-05  1.68386176e-02  0.00000000e+00  4.61655669e-02
  0.00000000e+00 -8.44493974e-03  0.00000000e+00 -8.44493788e-03
  0.00000000e+00  4.72957268e-02  0.00000000e+00 -2.41919868e-02
  0.00000000e+00 -2.41919886e-02  0.00000000e+00  4.63155583e-02
  0.00000000e+00  1.10446997e-02  0.00000000e+00  1.10446960e-02
  5.05435616e-02  5.10419607e-02])
Elements in batch (training-loop) (2, 2)
Parametri: [-0.14186126  1.6293024  -0.7814566  -0.18954405  0.85524905  1.0316725
 -0.39239255  1.7543844   0.83424574  0.97176    -2.670862   -0.99149555
  0.06093483 -0.44370875  1.0615003   0.4104179   2.131183    0.01744841
 -1.2037237  -1.3749105 ]
Epoch 0
Batch 10
Elements in batch (train-step): ((2, 2))
Loss (train-step): (0.19553572827163224)
Grad (train-step): ([ 0.00000000e+00 -1.39393628e-01  0.00000000e+00  3.64572942e-01
  0.00000000e+00 -1.40920475e-01  0.00000000e+00 -1.40920460e-01
  0.00000000e+00 -3.39930594e-01  0.00000000e+00  2.94477548e-02
  0.00000000e+00  2.94477511e-02  0.00000000e+00  1.43034026e-01
  0.00000000e+00  1.71674371e-01  0.00000000e+00  1.71674386e-01
  0.00000000e+00  3.43744487e-01 -3.03528825e-04 -5.22274189e-02
 -1.52821676e-03 -5.22274114e-02  3.84797365e-03  3.81765157e-01
  0.00000000e+00  1.08992662e-02  0.00000000e+00  1.08992662e-02
  0.00000000e+00  3.62540156e-01  0.00000000e+00  4.42889966e-02
  1.53672863e-05  4.42889780e-02  2.18532503e-01  3.31415802e-01
  9.87146646e-02  1.41299754e-01  1.12577401e-01  1.41299754e-01
  6.09391592e-02  3.37995857e-01  0.00000000e+00  1.88331187e-01
  0.00000000e+00  1.88331187e-01  0.00000000e+00  3.08908641e-01
  2.32464261e-02  3.41642834e-02  2.69101001e-03  3.41642909e-02
  0.00000000e+00 -6.49941936e-02  2.94236895e-02  1.85268775e-01
  1.44799471e-01  1.85268790e-01  0.00000000e+00 -2.89849550e-01
  0.00000000e+00 -2.57099807e-01 -1.95931211e-01 -2.57099837e-01
 -1.75056346e-02 -2.91178852e-01  0.00000000e+00  4.10087481e-02
  0.00000000e+00  4.10087481e-02  1.53872026e-02  2.94089258e-01
 -1.32178217e-01 -1.69690549e-01  0.00000000e+00 -1.69690549e-01
  0.00000000e+00  3.09422374e-01 -5.27948700e-02 -5.54694422e-02
  8.77883099e-03 -5.54694608e-02  0.00000000e+00  2.25521326e-01
  4.29214298e-04 -6.59716055e-02 -5.79225346e-02 -6.59716055e-02
  0.00000000e+00  2.10913375e-01  0.00000000e+00  4.20013890e-02
  0.00000000e+00  4.20013964e-02  0.00000000e+00  2.83232033e-01
 -8.88970122e-02 -1.39973775e-01 -1.08633742e-01 -1.39973760e-01
  6.44660220e-02  2.23278627e-01  0.00000000e+00  1.04601696e-01
  0.00000000e+00  1.04601674e-01  0.00000000e+00  2.93331414e-01
  0.00000000e+00 -1.01707779e-01  0.00000000e+00 -1.01707786e-01
  0.00000000e+00  3.01974863e-01  0.00000000e+00 -1.87110260e-01
  0.00000000e+00 -1.87110245e-01  0.00000000e+00  2.90475816e-01
  0.00000000e+00  1.14598878e-01  0.00000000e+00  1.14598863e-01
  2.91312218e-01  3.29521686e-01])
Elements in batch (training-loop) (2, 2)
Parametri: [-0.14186126  1.6295207  -0.7814566  -0.19000688  0.85524905  1.0318989
 -0.39239255  1.7546108   0.83424574  0.97221017 -2.670862   -0.99162626
  0.06093483 -0.4438395   1.0615003   0.41016367  2.131183    0.01711161
 -1.2037237  -1.3752472 ]
Epoch 0
Batch 11
Elements in batch (train-step): ((2, 2))
Loss (train-step): (0.641574234686762)
Grad (train-step): ([ 0.          0.45612282  0.         -0.59155786  0.          0.4544825
  0.          0.45448244  0.          0.53657866  0.          0.04590852
  0.          0.0459085   0.         -0.441682    0.         -0.19782123
  0.         -0.19782123  0.         -0.65045184  0.          0.287201
 -0.04810281  0.28720096 -0.5909823  -0.68830496  0.          0.15451723
  0.          0.15451726  0.         -0.7404762   0.          0.12379455
  0.          0.12379455  0.         -0.57827395 -0.09813297 -0.21705146
 -0.14234723 -0.21705143  0.         -0.555473    0.         -0.4860207
  0.         -0.4860207  -0.00111849 -0.57833093  0.         -0.2881817
 -0.05180673 -0.28818166 -0.2744134  -0.28226498 -0.00211815 -0.5109735
  0.         -0.5109735   0.         -0.06190262  0.          0.7539667
  0.          0.7539666   0.          0.01019388 -0.01338857 -0.06092139
 -0.03825307 -0.0609214   0.         -0.6053614   0.         -0.42904943
  0.         -0.4290494   0.         -0.6059467   0.         -0.21533568
 -0.03055749 -0.21533568 -0.10645352 -0.13175173  0.          0.5242385
  0.          0.5242385   0.          0.19721459  0.          0.6758343
  0.          0.67583424  0.          0.30301327  0.37157586  0.32596102
  0.13736176  0.32596105  0.          0.6070091   0.         -0.02225865
  0.         -0.02225868  0.         -0.2926186   0.         -0.5549333
  0.         -0.5549334   0.         -0.2762884   0.         -0.40885285
  0.         -0.40885282  0.         -0.33460796  0.          0.47305903
  0.          0.473059   -0.22075292 -0.21457916])
Elements in batch (training-loop) (2, 2)
Parametri: [-0.14186126  1.629467   -0.7814566  -0.1901834   0.85524905  1.0318481
 -0.39239255  1.75456     0.83424574  0.9723897  -2.670862   -0.99178743
  0.06093483 -0.4440007   1.0615003   0.41020492  2.131183    0.01692225
 -1.2037237  -1.3754365 ]
Epoch 0
Batch 12
Elements in batch (train-step): ((2, 2))
Loss (train-step): (0.4041146888292497)
Grad (train-step): ([ 0.00000000e+00  3.90910536e-01  0.00000000e+00 -3.69030565e-01
  0.00000000e+00  3.87959898e-01  0.00000000e+00  3.87959898e-01
  0.00000000e+00  3.27700019e-01  0.00000000e+00  7.17565790e-02
  0.00000000e+00  7.17565641e-02  0.00000000e+00 -3.72692764e-01
  0.00000000e+00 -8.62713456e-02  0.00000000e+00 -8.62713456e-02
  0.00000000e+00 -4.48345393e-01  0.00000000e+00  2.73100495e-01
 -4.03835103e-02  2.73100406e-01 -3.90381187e-01 -4.54304039e-01
  0.00000000e+00  1.56138703e-01  0.00000000e+00  1.56138703e-01
  0.00000000e+00 -5.29586971e-01  0.00000000e+00  1.50571093e-01
  0.00000000e+00  1.50571093e-01  0.00000000e+00 -3.67630988e-01
 -6.90370873e-02 -1.31978303e-01 -7.64416382e-02 -1.31978303e-01
  0.00000000e+00 -3.52497280e-01  0.00000000e+00 -3.75140339e-01
  0.00000000e+00 -3.75140339e-01  0.00000000e+00 -3.98596883e-01
  0.00000000e+00 -2.77590930e-01 -9.05375183e-02 -2.77590871e-01
 -2.40182310e-01 -2.46835947e-01 -2.67267670e-03 -4.09521073e-01
  0.00000000e+00 -4.09521073e-01  0.00000000e+00 -1.17703259e-01
  0.00000000e+00  5.19773543e-01  0.00000000e+00  5.19773424e-01
  1.33196765e-04 -1.95781887e-03  1.16354808e-01  5.73068410e-02
  8.50287359e-03  5.73068559e-02  0.00000000e+00 -4.31674480e-01
  0.00000000e+00 -2.57042229e-01  0.00000000e+00 -2.57042229e-01
  0.00000000e+00 -4.32383269e-01  0.00000000e+00 -6.30888045e-02
  1.21861631e-02 -6.30888045e-02 -1.20801225e-01 -1.39505625e-01
  0.00000000e+00  4.46337938e-01  0.00000000e+00  4.46337909e-01
  0.00000000e+00  4.68335897e-02  0.00000000e+00  5.29638827e-01
  0.00000000e+00  5.29638827e-01  0.00000000e+00  1.46991834e-01
  3.68654937e-01  3.37946385e-01 -8.22349265e-03  3.37946385e-01
  0.00000000e+00  2.13879496e-01  0.00000000e+00 -9.56571028e-02
  0.00000000e+00 -9.56571102e-02  0.00000000e+00 -3.86834085e-01
  0.00000000e+00 -2.71996111e-01  0.00000000e+00 -2.71996140e-01
  0.00000000e+00 -3.83292407e-01  0.00000000e+00 -1.12323686e-01
  0.00000000e+00 -1.12323686e-01  0.00000000e+00 -4.11622167e-01
  0.00000000e+00  2.12693617e-01  0.00000000e+00  2.12693602e-01
 -3.67458016e-01 -3.66985619e-01])
Elements in batch (training-loop) (2, 2)
Parametri: [-0.14186126  1.6292417  -0.7814566  -0.19021559  0.85524905  1.031624
 -0.39239255  1.7543359   0.83424574  0.972433   -2.670862   -0.9919997
  0.06093483 -0.44421294  1.0615003   0.41042584  2.131183    0.01679842
 -1.2037237  -1.3755604 ]
Epoch 0
Batch 13
Elements in batch (train-step): ((2, 2))
Loss (train-step): (0.09722633516280943)
Grad (train-step): ([ 0.         -0.06235611  0.         -0.06814318  0.         -0.06047755
  0.         -0.06047757  0.          0.06934743  0.         -0.04150615
  0.         -0.04150616  0.          0.05379708  0.         -0.06307481
  0.         -0.0630748   0.         -0.02869006  0.00495514 -0.0679135
 -0.03943642 -0.06791347  0.01635106 -0.06335016  0.         -0.08337723
  0.         -0.08337722  0.         -0.02765749  0.         -0.09949131
  0.         -0.09949131 -0.03051449 -0.05909032 -0.05986687 -0.07019807
  0.01290014 -0.07019808 -0.00021847 -0.04531651  0.         -0.00876345
  0.         -0.00876346  0.          0.00227288  0.03747577  0.07354923
  0.11135551  0.07354923 -0.00834228  0.03209329  0.03271474  0.03015753
  0.09144363  0.03015752  0.          0.08353952  0.          0.04048909
 -0.00342398  0.04048908 -0.02123436  0.02234782 -0.00606682 -0.06051682
 -0.00952118 -0.06051681  0.06433108  0.01318476 -0.01081931 -0.01362177
  0.         -0.01362177  0.          0.01087883 -0.03521545 -0.0523505
 -0.01260382 -0.05235049 -0.04212945  0.03565386  0.00209071 -0.01230667
 -0.04872516 -0.01230668  0.          0.03743073  0.          0.04380681
  0.          0.0438068   0.02173558  0.15263778  0.02270157  0.12208383
  0.0203263   0.12208383  0.11495678  0.17985508  0.00140552  0.06994881
  0.          0.06994881  0.          0.16382721  0.         -0.09142113
  0.         -0.09142114  0.          0.17082758  0.         -0.1439208
  0.         -0.1439208   0.          0.16052493  0.          0.09459982
  0.          0.09459981  0.19122973  0.1931217 ])
Elements in batch (training-loop) (2, 2)
Parametri: [-0.14186126  1.6290673  -0.7814566  -0.19022208  0.85524905  1.0314502
 -0.39239255  1.7541621   0.83424574  0.9724478  -2.670862   -0.9921512
  0.06093483 -0.4443645   1.0615003   0.41059813  2.131183    0.01672059
 -1.2037237  -1.3756382 ]
Epoch 0
Batch 14
Elements in batch (train-step): ((2, 2))
Loss (train-step): (0.26477006481635573)
Grad (train-step): ([ 0.         -0.35296717  0.          0.00665763  0.         -0.34667388
  0.         -0.3466739   0.          0.01688567  0.         -0.14196606
  0.         -0.14196604  0.          0.32214087  0.         -0.11959642
  0.         -0.11959641  0.          0.14688107  0.         -0.30947408
 -0.15235548 -0.30947408  0.2030397   0.07793179 -0.03329713 -0.20981292
  0.         -0.20981292  0.          0.2070457   0.         -0.24492991
 -0.00061653 -0.24492994  0.13220102  0.04216599 -0.08484972 -0.0750666
  0.01605244 -0.07506661  0.19348535  0.05294998  0.          0.09438493
  0.          0.09438491  0.          0.21852037  0.15490769  0.31026453
  0.12175218  0.31026453 -0.02944189  0.13535792  0.02833534  0.3044241
  0.19544119  0.3044241   0.          0.08608781  0.         -0.1746324
 -0.17854488 -0.17463242  0.00160075 -0.0647199  -0.17154062 -0.16816854
 -0.16625357 -0.16816854  0.2544721   0.25820848  0.02510147 -0.14058872
  0.         -0.14058873  0.          0.257254    0.03426185 -0.1855663
  0.01165478 -0.18556632  0.05909456  0.22439766  0.06117204  0.09389547
  0.0850382   0.09389547  0.          0.24021375  0.          0.24746506
  0.          0.24746507  0.00152435  0.3789962   0.00126478 -0.01208053
 -0.01091534 -0.01208054  0.03595199  0.28130567  0.          0.12619779
  0.          0.12619779  0.          0.30253652  0.         -0.13852228
  0.         -0.1385223   0.          0.314582    0.         -0.23886193
  0.         -0.23886192  0.          0.29867163  0.          0.14790547
  0.          0.1479055   0.34819326  0.35179824])
Elements in batch (training-loop) (2, 2)
Parametri: [-0.14186126  1.6290734  -0.7814566  -0.19023018  0.85524905  1.0314562
 -0.39239255  1.7541682   0.83424574  0.9724553  -2.670862   -0.99215215
  0.06093483 -0.44436544  1.0615003   0.41059178  2.131183    0.01671455
 -1.2037237  -1.3756443 ]
Epoch 0
Batch 15
Elements in batch (train-step): ((2, 2))
Loss (train-step): (0.05080530077370138)
Grad (train-step): ([ 0.         -0.11130013  0.         -0.07272303  0.         -0.10849009
  0.         -0.10849009  0.          0.07695016  0.         -0.06252474
  0.         -0.06252474  0.          0.09818093  0.         -0.08302767
  0.         -0.08302767  0.         -0.01266945  0.         -0.111835
 -0.01213991 -0.11183499  0.0166391  -0.05291417 -0.00942499 -0.03713614
  0.         -0.03713614  0.          0.01601202  0.         -0.06613507
  0.         -0.06613506  0.01772053 -0.07546991 -0.00541334 -0.00543565
  0.00488983 -0.00543565  0.00615715 -0.06676315  0.          0.06891343
  0.          0.06891343  0.         -0.02497988  0.03006815  0.12262635
  0.02743339  0.12262633 -0.02240819  0.00512226  0.01201529  0.0969249
  0.02300923  0.09692489  0.          0.02792121  0.         -0.00119036
 -0.03573705 -0.00119036  0.00827918 -0.04697527  0.         -0.08628619
 -0.0368876  -0.08628618  0.03028592  0.0237873   0.01231973 -0.08483213
  0.         -0.08483213  0.          0.02332853  0.01084152 -0.09711973
  0.00286481 -0.09711973  0.00322885  0.05740133  0.00861837 -0.06860711
  0.01087114 -0.06860711  0.          0.09620715  0.         -0.03449964
  0.         -0.03449963  0.00199152  0.09422883  0.00843744 -0.07453087
 -0.06563926 -0.07453088  0.02958003  0.00663231  0.          0.03607542
  0.          0.03607542  0.          0.11105875  0.          0.02514043
  0.          0.02514043  0.          0.11231928  0.         -0.01770449
  0.         -0.01770449  0.          0.11483236  0.         -0.01344929
  0.         -0.01344929  0.11463507  0.11535445])
Elements in batch (training-loop) (2, 2)
Parametri: [-0.14186126  1.629128   -0.7814566  -0.19021316  0.85524905  1.0315104
 -0.39239255  1.7542223   0.83424574  0.972435   -2.670862   -0.9920953
  0.06093483 -0.44430855  1.0615003   0.41053897  2.131183    0.01675352
 -1.2037237  -1.3756053 ]
Epoch 0
Batch 16
Elements in batch (train-step): ((2, 2))
Loss (train-step): (0.06951506912445221)
Grad (train-step): ([ 0.         -0.02899063  0.         -0.19209637  0.         -0.02634681
  0.         -0.02634679  0.          0.18580845  0.         -0.05736218
  0.         -0.05736217  0.          0.01774234  0.         -0.12646988
  0.         -0.1264699   0.         -0.13980834 -0.00343124 -0.06214989
 -0.0365662  -0.06214989  0.         -0.1831336   0.         -0.04294281
  0.         -0.04294281  0.         -0.13226017  0.         -0.07453069
  0.         -0.07453069 -0.03343207 -0.17692554 -0.02575483 -0.07331271
  0.         -0.07331273  0.         -0.1769599   0.         -0.05189244
  0.         -0.05189244  0.         -0.13838777  0.          0.0504102
  0.0149151   0.0504102  -0.02007614 -0.08980054  0.         -0.0161623
  0.         -0.01616229  0.         -0.01617233  0.          0.161174
  0.          0.16117397  0.         -0.07688367 -0.03323099 -0.09532979
 -0.03504561 -0.09532979  0.         -0.11432374  0.         -0.15002796
  0.         -0.15002796  0.         -0.11429839  0.         -0.12748754
  0.         -0.12748753 -0.00567463 -0.00873096  0.00522709 -0.01028869
  0.         -0.01028869  0.          0.08111368  0.          0.04892203
  0.          0.04892202  0.          0.1559073   0.         -0.03484223
 -0.02334744 -0.03484223  0.04502316  0.06824729  0.          0.05798324
  0.          0.05798323  0.          0.15824243  0.         -0.01034276
  0.         -0.01034275  0.          0.1621245   0.         -0.067909
  0.         -0.06790901  0.          0.160562    0.          0.0222379
  0.          0.02223791  0.10775374  0.17295231])
Elements in batch (training-loop) (2, 2)
Parametri: [-0.14186126  1.6291904  -0.7814566  -0.1901336   0.85524905  1.0315714
 -0.39239255  1.7542833   0.83424574  0.9723513  -2.670862   -0.99199086
  0.06093483 -0.44420415  1.0615003   0.41048247  2.131183    0.0168561
 -1.2037237  -1.3755028 ]
Epoch 0
Batch 17
Elements in batch (train-step): ((2, 2))
Loss (train-step): (0.31467633043363724)
Grad (train-step): ([ 0.         -0.44185817  0.          0.00565435  0.         -0.43395793
  0.         -0.43395793  0.          0.02367054  0.         -0.17842355
  0.         -0.17842355  0.          0.4031044   0.         -0.15134999
  0.         -0.15134999  0.          0.18200263  0.         -0.3877967
 -0.059925   -0.3877967   0.          0.07642363  0.         -0.07932377
  0.         -0.07932378  0.          0.2780464   0.         -0.15236884
 -0.00064874 -0.15236884  0.19314457 -0.04757495  0.07643323  0.09434461
  0.09727091  0.09434462  0.1370606  -0.03845726  0.          0.30997726
  0.          0.3099773   0.00732814  0.08741963  0.14457543  0.4169599
  0.00240527  0.41695994 -0.06759637 -0.08085544  0.          0.43248582
  0.24553123  0.43248582  0.         -0.10457412  0.         -0.15598495
 -0.19391584 -0.15598497 -0.01649021 -0.3233702  -0.10055161 -0.28712544
  0.         -0.28712547  0.03249353  0.32321006 -0.06819204 -0.39669108
  0.         -0.39669108  0.          0.3250966  -0.05537118 -0.378239
 -0.04537285 -0.37823898  0.14967157  0.2875377   0.02124769 -0.06348699
  0.0238978  -0.06348702  0.          0.34907246  0.          0.10167543
  0.          0.10167541  0.          0.4254703  -0.00401541 -0.20718354
 -0.10704646 -0.20718354  0.0800791   0.42359674  0.          0.17925408
  0.          0.1792541   0.          0.431898    0.         -0.21739517
  0.         -0.21739522  0.          0.4508708   0.         -0.3536595
  0.         -0.3536595   0.          0.4250721   0.          0.23067915
  0.          0.23067918  0.46512586  0.50522566])
Elements in batch (training-loop) (2, 2)
Parametri: [-0.14186126  1.6294274  -0.7814566  -0.19006327  0.85524905  1.0318067
 -0.39239255  1.7545186   0.83424574  0.9722669  -2.670862   -0.99174297
  0.06093483 -0.44395626  1.0615003   0.4102519   2.131183    0.01702853
 -1.2037237  -1.3753304 ]
Epoch 0
Batch 18
Elements in batch (train-step): ((2, 2))
Loss (train-step): (0.39819724205936785)
Grad (train-step): ([ 0.          0.4483507   0.         -0.33183688  0.          0.44395676
  0.          0.44395682  0.          0.28830504  0.          0.10398347
  0.          0.10398348  0.         -0.4233749   0.         -0.04364226
  0.         -0.04364225  0.         -0.44222587  0.          0.33065665
 -0.04839433  0.33065665 -0.22933389 -0.42230347  0.00598287  0.1057778
  0.          0.10577781  0.         -0.55126494  0.          0.12454565
  0.          0.12454562  0.         -0.3016667  -0.04374475 -0.20490511
 -0.1394071  -0.20490512  0.         -0.2403864   0.         -0.47236422
  0.         -0.4723642   0.         -0.2943803   0.         -0.37560856
  0.         -0.37560856 -0.04166128 -0.04255751 -0.00302404 -0.5035799
  0.         -0.50357985  0.          0.05853462  0.          0.48894203
  0.          0.488942    0.          0.22158292  0.10287841  0.04916039
 -0.02862284  0.04916038  0.         -0.5525118   0.         -0.06915785
  0.         -0.06915787  0.         -0.5532203   0.          0.00507593
  0.00550386  0.00507592 -0.15629941 -0.2640831  -0.02340784  0.34066755
  0.          0.34066758  0.         -0.0486537   0.          0.45564935
  0.          0.4556494   0.          0.26870868  0.34907982  0.3397515
 -0.01516984  0.33975154  0.          0.2480439   0.         -0.10726835
  0.         -0.10726836  0.         -0.39249194  0.         -0.30612025
  0.         -0.30612025  0.         -0.38785082  0.         -0.12824634
  0.         -0.12824634  0.         -0.42186147  0.          0.24093127
  0.          0.24093124 -0.36103606 -0.37077886])
Elements in batch (training-loop) (2, 2)
Parametri: [-0.14186126  1.6294522  -0.7814566  -0.18989058  0.85524905  1.0318291
 -0.39239255  1.754541    0.83424574  0.9720905  -2.670862   -0.99161285
  0.06093483 -0.44382617  1.0615003   0.41023734  2.131183    0.01720848
 -1.2037237  -1.3751504 ]
Epoch 0
Batch 19
Elements in batch (train-step): ((2, 2))
Loss (train-step): (0.811793250041023)
Grad (train-step): ([ 0.          0.6279021   0.         -0.59870034  0.          0.62325156
  0.          0.6232515   0.          0.5321107   0.          0.1141877
  0.          0.1141877   0.         -0.5985847   0.         -0.14197895
  0.         -0.14197896  0.         -0.72538483  0.          0.43680182
 -0.02766905  0.43680188 -0.64027774 -0.7186935   0.05765102  0.21546237
  0.          0.21546236  0.         -0.85517746  0.          0.20879245
  0.          0.20879245  0.         -0.58290094 -0.2434831  -0.24540786
 -0.18071958 -0.24540783 -0.44854295 -0.6518297   0.         -0.38878512
  0.         -0.38878518  0.         -0.7760456   0.         -0.35891935
 -0.35617146 -0.35891932 -0.3399456  -0.7748756  -0.38663235 -0.35960516
 -0.19742575 -0.35960513  0.         -0.28360742  0.          0.842169
  0.          0.8421689  -0.16168736 -0.32374775 -0.13305539 -0.32583103
 -0.24007973 -0.325831   -0.6787016  -0.7170159   0.         -0.5750745
  0.         -0.5750745   0.         -0.71734947 -0.05518446 -0.45179194
 -0.36323035 -0.45179194 -0.6827177  -0.68729824  0.16272753  0.22784778
  0.          0.22784778  0.         -0.4728304   0.          0.46049795
  0.          0.46049795  0.4061104   0.6731895  -0.44926694 -0.54673785
 -0.0810605  -0.5467378  -0.00563343  0.42924806  0.          0.3148719
  0.          0.31487185  0.          0.8154588   0.         -0.11141641
  0.         -0.1114164   0.          0.8399722   0.         -0.41059428
  0.         -0.41059428  0.          0.82488453  0.          0.16845638
  0.          0.16845635  0.8988017   0.90590686])
Elements in batch (training-loop) (2, 2)
Parametri: [-0.14186126  1.6292483  -0.7814566  -0.18955767  0.85524905  1.0316217
 -0.39239255  1.7543336   0.83424574  0.9717631  -2.670862   -0.9915963
  0.06093483 -0.44380963  1.0615003   0.4104558   2.131183    0.01744638
 -1.2037237  -1.3749125 ]
Epoch 1
Batch 0
Elements in batch (train-step): ((2, 2))
Loss (train-step): (0.6160360121295728)
Grad (train-step): ([ 0.0000000e+00  3.5580194e-01  0.0000000e+00 -5.1512259e-01
  0.0000000e+00  3.5510856e-01  0.0000000e+00  3.5510862e-01
  0.0000000e+00  4.6985343e-01  0.0000000e+00  2.3112226e-02
  0.0000000e+00  2.3112230e-02  0.0000000e+00 -3.4698641e-01
  0.0000000e+00 -1.8688457e-01  0.0000000e+00 -1.8688455e-01
  0.0000000e+00 -5.4978448e-01  0.0000000e+00  2.1352962e-01
 -7.4187249e-02  2.1352963e-01 -5.6506485e-01 -6.1484736e-01
  0.0000000e+00  1.1932819e-01  0.0000000e+00  1.1932823e-01
  0.0000000e+00 -6.3005739e-01  0.0000000e+00  7.9846479e-02
  0.0000000e+00  7.9846501e-02 -6.4282040e-03 -5.3237516e-01
 -7.8024499e-02 -1.9439924e-01 -1.2879434e-01 -1.9439924e-01
 -3.9879579e-04 -4.9938637e-01  0.0000000e+00 -3.9615053e-01
  0.0000000e+00 -3.9615059e-01  0.0000000e+00 -4.9840721e-01
  3.4805663e-02 -1.9730854e-01  8.4556356e-02 -1.9730857e-01
 -2.5681961e-01 -2.2297883e-01  2.8363593e-02 -4.0486082e-01
  8.4717743e-02 -4.0486076e-01  0.0000000e+00 -6.3804686e-03
  0.0000000e+00  6.4373732e-01 -3.1179776e-03  6.4373732e-01
 -2.0935547e-02  2.0614710e-02 -2.0468678e-02 -6.6872716e-02
 -1.3170363e-03 -6.6872716e-02  5.9404165e-02 -4.5641264e-01
 -1.0557159e-02 -3.8683340e-01  0.0000000e+00 -3.8683340e-01
  0.0000000e+00 -4.6041369e-01 -3.2962255e-02 -2.0750564e-01
 -5.0096389e-02 -2.0750564e-01 -1.1885110e-01 -2.3776338e-02
 -3.5076700e-02  4.6961316e-01 -4.5723487e-02  4.6961322e-01
  0.0000000e+00  2.6071668e-01  0.0000000e+00  6.2929380e-01
  0.0000000e+00  6.2929374e-01  1.9919148e-02  3.3148298e-01
  3.4445429e-01  3.6505851e-01  1.8839335e-01  3.6505848e-01
  7.2200365e-02  7.3980051e-01  0.0000000e+00 -2.4464777e-02
  0.0000000e+00 -2.4464801e-02  0.0000000e+00 -2.9240200e-01
  0.0000000e+00 -6.6539735e-01  0.0000000e+00 -6.6539735e-01
  0.0000000e+00 -2.6804537e-01  0.0000000e+00 -4.9578860e-01
  0.0000000e+00 -4.9578860e-01  0.0000000e+00 -3.4497750e-01
  0.0000000e+00  5.6850374e-01  0.0000000e+00  5.6850374e-01
 -1.9301057e-01 -1.9478680e-01])
Elements in batch (training-loop) (2, 2)
Parametri: [-0.14186126  1.6289436  -0.7814566  -0.189114    0.85524905  1.0313128
 -0.39239255  1.7540247   0.83424574  0.9713274  -2.670862   -0.9916016
  0.06093483 -0.44381493  1.0615003   0.41077846  2.131183    0.01775806
 -1.2037237  -1.3746008 ]
Epoch 1
Batch 1
Elements in batch (train-step): ((2, 2))
Loss (train-step): (0.0440093478103275)
Grad (train-step): ([ 0.00000000e+00 -3.01655708e-03  0.00000000e+00  1.28886342e-01
  0.00000000e+00 -4.37322259e-03  0.00000000e+00 -4.37323051e-03
  0.00000000e+00 -1.23165801e-01  0.00000000e+00  2.93826461e-02
  0.00000000e+00  2.93826535e-02  0.00000000e+00  8.52019247e-03
  0.00000000e+00  7.70388842e-02  0.00000000e+00  7.70388767e-02
  0.00000000e+00  1.02747127e-01  0.00000000e+00  2.21105032e-02
  4.96611139e-03  2.21105013e-02  1.10545821e-01  1.26544774e-01
 -1.17436557e-05  2.60029826e-02  0.00000000e+00  2.60029957e-02
  0.00000000e+00  1.06687792e-01  0.00000000e+00  4.17613201e-02
  0.00000000e+00  4.17613313e-02  4.99075453e-04  1.13835998e-01
  5.25806099e-02  6.07181489e-02  5.08915111e-02  6.07181489e-02
  0.00000000e+00  1.13810025e-01  0.00000000e+00  4.08620834e-02
  0.00000000e+00  4.08620946e-02  0.00000000e+00  8.41615722e-02
  0.00000000e+00 -3.47268432e-02 -3.32112871e-02 -3.47268432e-02
  2.35323954e-04  1.03175588e-01 -4.33298945e-03 -4.17436473e-03
  0.00000000e+00 -4.17436846e-03  0.00000000e+00 -2.48988774e-02
  0.00000000e+00 -9.96506214e-02  0.00000000e+00 -9.96506214e-02
  1.42768836e-02  3.35182548e-02  1.18102608e-02  1.07444838e-01
  6.73896429e-05  1.07444838e-01  4.35610972e-02  5.32339178e-02
  0.00000000e+00  1.04580209e-01  0.00000000e+00  1.04580201e-01
  0.00000000e+00  5.27212285e-02  0.00000000e+00  1.16746642e-01
  1.07045285e-01  1.16746634e-01  1.03474956e-03  4.46190238e-02
  8.68752077e-02  1.17296971e-01  9.19039175e-03  1.17296971e-01
  0.00000000e+00  3.53859104e-02  0.00000000e+00  9.78772268e-02
  0.00000000e+00  9.78772119e-02 -4.50942054e-04 -7.90716559e-02
  4.86243255e-02  5.59080429e-02  5.04893251e-02  5.59080429e-02
  1.33242356e-02  7.39698932e-02  0.00000000e+00 -2.79321391e-02
 -5.73362304e-05 -2.79321354e-02  0.00000000e+00 -9.29946527e-02
  0.00000000e+00 -8.66620243e-02  0.00000000e+00 -8.66620168e-02
  0.00000000e+00 -9.14239064e-02  0.00000000e+00 -3.87040339e-02
  0.00000000e+00 -3.87040488e-02  0.00000000e+00 -1.01479322e-01
  0.00000000e+00  6.97275996e-02  0.00000000e+00  6.97276071e-02
 -8.08875263e-02 -8.67430195e-02])
Elements in batch (training-loop) (2, 2)
Parametri: [-0.14186126  1.6286674  -0.7814566  -0.18875043  0.85524905  1.0310333
 -0.39239255  1.7537452   0.83424574  0.970972   -2.670862   -0.9916325
  0.06093483 -0.44384587  1.0615003   0.41106892  2.131183    0.01799958
 -1.2037237  -1.3743593 ]
Epoch 1
Batch 2
Elements in batch (train-step): ((2, 2))
Loss (train-step): (0.5065676133221688)
Grad (train-step): ([ 0.00000000e+00  2.64721215e-01  0.00000000e+00 -6.53028488e-02
  0.00000000e+00  2.60729492e-01  0.00000000e+00  2.60729492e-01
  0.00000000e+00  4.51384187e-02  0.00000000e+00  9.28104520e-02
  0.00000000e+00  9.28104520e-02  0.00000000e+00 -2.44001418e-01
  0.00000000e+00  5.36008961e-02  0.00000000e+00  5.36008775e-02
  0.00000000e+00 -1.58718675e-01  0.00000000e+00  2.19777673e-01
  0.00000000e+00  2.19777659e-01 -2.29367658e-01 -1.18711263e-01
  5.50657604e-03  1.18144304e-01  0.00000000e+00  1.18144311e-01
  0.00000000e+00 -2.18467891e-01  0.00000000e+00  1.45386010e-01
 -5.78491308e-04  1.45386010e-01  1.87582195e-01 -7.18609095e-02
  6.23303652e-02 -7.83424154e-02 -4.39809039e-02 -7.83424228e-02
  1.32698655e-01  3.37894261e-03  0.00000000e+00 -2.95967400e-01
  0.00000000e+00 -2.95967460e-01  7.09196134e-03 -2.77504623e-02
  1.41021863e-01 -2.54227191e-01  2.34615337e-03 -2.54227221e-01
 -5.00790067e-02 -4.66228388e-02 -2.88246013e-03 -2.70896018e-01
  2.38541618e-01 -2.70895958e-01  0.00000000e+00 -8.96697938e-02
  0.00000000e+00  2.11389095e-01 -1.87622398e-01  2.11389095e-01
 -1.61377192e-02  8.90032649e-02  8.17110240e-02  6.20405823e-02
  1.38245597e-02  6.20405860e-02  3.14782299e-02 -2.42386788e-01
 -6.71826676e-02 -1.21673755e-01  0.00000000e+00 -1.21673770e-01
  0.00000000e+00 -2.42380321e-01 -5.33056483e-02 -2.34676562e-02
 -4.00344506e-02 -2.34676376e-02 -9.12480205e-02 -6.72520548e-02
  2.19691172e-02  4.06773061e-01  2.47092023e-02  4.06773061e-01
  0.00000000e+00  6.88124299e-02  0.00000000e+00  6.10334396e-01
  0.00000000e+00  6.10334456e-01  0.00000000e+00  4.91321921e-01
  3.22227061e-01  3.49371105e-01 -2.34211329e-03  3.49371105e-01
  7.79467300e-02  5.71336567e-01  0.00000000e+00 -4.07020524e-02
  0.00000000e+00 -4.07020450e-02  0.00000000e+00 -2.66994894e-01
  0.00000000e+00 -5.29077828e-01  0.00000000e+00 -5.29077828e-01
  0.00000000e+00 -2.48111606e-01  0.00000000e+00 -3.72435898e-01
  0.00000000e+00 -3.72435898e-01  0.00000000e+00 -3.10758114e-01
  0.00000000e+00  4.48877871e-01  0.00000000e+00  4.48877901e-01
 -1.85763687e-01 -1.94476619e-01])
Elements in batch (training-loop) (2, 2)
Parametri: [-0.14186126  1.6283265  -0.7814566  -0.1883996   0.85524905  1.0306897
 -0.39239255  1.7534016   0.83424574  0.9706337  -2.670862   -0.99174273
  0.06093483 -0.4439561   1.0615003   0.41142163  2.131183    0.01819013
 -1.2037237  -1.3741688 ]
Epoch 1
Batch 3
Elements in batch (train-step): ((2, 2))
Loss (train-step): (0.7610023414517089)
Grad (train-step): ([ 0.          0.5712376   0.         -0.6220403   0.          0.5678394
  0.          0.5678394   0.          0.5575881   0.          0.08556752
  0.          0.08556754  0.         -0.5486906   0.         -0.17643578
  0.         -0.17643577  0.         -0.72108746  0.          0.38225228
 -0.02776725  0.38225225 -0.65082175 -0.730447    0.05011075  0.18350315
  0.          0.18350315  0.         -0.8369483   0.          0.16536865
  0.          0.16536865  0.         -0.60447073 -0.25088185 -0.25286514
 -0.18606228 -0.25286514 -0.45779407 -0.66432214  0.         -0.37729874
  0.         -0.37729874  0.         -0.7616607   0.         -0.30926764
 -0.31190625 -0.30926764 -0.33627275 -0.7655492  -0.3536332  -0.32716542
 -0.18058783 -0.32716542  0.         -0.23324291  0.          0.8239034
  0.          0.8239035  -0.15127352 -0.30490375 -0.14787742 -0.36615694
 -0.26633483 -0.366157   -0.64305127 -0.6814499   0.         -0.5784812
  0.         -0.5784812   0.         -0.68141615 -0.06014373 -0.4827128
 -0.39587292 -0.48271284 -0.64913225 -0.6535058   0.12813121  0.17982925
  0.          0.17982924  0.         -0.43027428  0.          0.41724166
  0.          0.4172417   0.42143565  0.6941152  -0.3999361  -0.48907468
 -0.07446969 -0.48907468 -0.00516402  0.46613008  0.          0.3083157
  0.          0.30831572  0.          0.7543166   0.         -0.15373632
  0.         -0.15373632  0.          0.78258395  0.         -0.43456975
  0.         -0.43456978  0.          0.76162183  0.          0.2044992
  0.          0.20449919  0.84629375  0.85298383])
Elements in batch (training-loop) (2, 2)
Parametri: [-0.14186126  1.6278467  -0.7814566  -0.18791805  0.85524905  1.0302066
 -0.39239255  1.7529185   0.83424574  0.97016823 -2.670862   -0.99191815
  0.06093483 -0.44413155  1.0615003   0.41191557  2.131183    0.01845592
 -1.2037237  -1.3739029 ]
Epoch 1
Batch 4
Elements in batch (train-step): ((2, 2))
Loss (train-step): (0.030921360282696028)
Grad (train-step): ([ 0.         -0.08112188  0.         -0.02704521  0.         -0.07940521
  0.         -0.07940521  0.          0.03117535  0.         -0.03982466
  0.         -0.03982465  0.          0.07253163  0.         -0.04515246
  0.         -0.04515246  0.          0.01171456 -0.00066591 -0.0762217
 -0.04722609 -0.0762217   0.00297577 -0.02631661  0.         -0.01815232
  0.         -0.01815232  0.          0.0191153   0.         -0.03731187
  0.         -0.03731187  0.01277467 -0.04566569 -0.00675387  0.00963265
  0.01237774  0.00963265  0.         -0.04721396  0.          0.06217409
  0.          0.06217409 -0.00121291 -0.02267551  0.00325913  0.08836661
  0.00246119  0.08836661 -0.00679562 -0.01527388  0.00650884  0.07612389
  0.          0.07612389  0.          0.00165338  0.         -0.00157827
  0.         -0.00157828 -0.0150152  -0.061238   -0.02810384 -0.06109812
 -0.03837855 -0.06109812  0.01341667  0.02608391  0.         -0.08254567
  0.         -0.08254566  0.          0.02625274  0.         -0.07544189
  0.00577879 -0.07544189  0.01549413  0.04384832  0.00039688 -0.03224398
  0.00766615 -0.03224397  0.          0.0821394   0.         -0.01151821
  0.         -0.01151821  0.          0.05205607 -0.0071141  -0.07031503
 -0.05804964 -0.07031503  0.02159026  0.01980061  0.          0.02744481
  0.          0.02744482  0.          0.07086302  0.          0.00489563
  0.          0.00489562  0.          0.07264104  0.         -0.02413798
  0.         -0.02413799  0.          0.07302728  0.          0.00198636
  0.          0.00198636  0.0688132   0.07687028])
Elements in batch (training-loop) (2, 2)
Parametri: [-0.14186126  1.6274375  -0.7814566  -0.18747148  0.85524905  1.0297941
 -0.39239255  1.752506    0.83424574  0.9697345  -2.670862   -0.9920418
  0.06093483 -0.44425523  1.0615003   0.41233885  2.131183    0.01872237
 -1.2037237  -1.3736365 ]
Epoch 1
Batch 5
Elements in batch (train-step): ((2, 2))
Loss (train-step): (0.558643126558038)
Grad (train-step): ([ 0.00000000e+00 -4.62641180e-01  0.00000000e+00  3.32952142e-01
  0.00000000e+00 -4.58053648e-01  0.00000000e+00 -4.58053648e-01
  0.00000000e+00 -2.87895799e-01  0.00000000e+00 -1.10234715e-01
  0.00000000e+00 -1.10234708e-01  0.00000000e+00  4.36868489e-01
  0.00000000e+00  3.91218811e-02  0.00000000e+00  3.91218662e-02
  0.00000000e+00  4.49627906e-01  0.00000000e+00 -3.42253983e-01
 -1.65113747e-01 -3.42254013e-01  3.53590548e-01  3.96164656e-01
  0.00000000e+00 -1.31803811e-01  0.00000000e+00 -1.31803811e-01
  0.00000000e+00  5.40147305e-01  0.00000000e+00 -1.57510340e-01
  0.00000000e+00 -1.57510340e-01  3.35212350e-01  2.75489330e-01
 -1.01313859e-01  1.06673449e-01  2.36663729e-01  1.06673479e-01
  1.28018647e-01  2.35287502e-01  0.00000000e+00  4.27625507e-01
  0.00000000e+00  4.27625537e-01  0.00000000e+00  3.88807178e-01
  0.00000000e+00  4.99732167e-01  2.58181423e-01  4.99732167e-01
  2.17510551e-01  3.59283358e-01  0.00000000e+00  5.30875862e-01
  1.99967965e-01  5.30875862e-01  0.00000000e+00  2.93829232e-01
  0.00000000e+00 -4.37879115e-01  0.00000000e+00 -4.37879056e-01
  6.55893423e-03 -8.81518424e-03 -2.45820567e-01 -3.01372975e-01
 -1.44721448e-01 -3.01372975e-01  3.49254161e-01  4.35712844e-01
  0.00000000e+00  4.27483767e-02  0.00000000e+00  4.27483469e-02
  0.00000000e+00  4.41794157e-01  0.00000000e+00 -2.00710729e-01
 -8.27158242e-03 -2.00710759e-01 -1.04026096e-02  3.43812853e-01
  4.38649702e-04  5.08569740e-03  4.02983697e-03  5.08569926e-03
  0.00000000e+00  4.09251809e-01  0.00000000e+00 -1.09114252e-01
  0.00000000e+00 -1.09114252e-01 -2.27474794e-01 -3.78851891e-01
  4.11598124e-02  6.10060543e-02  5.21967001e-02  6.10060841e-02
  1.26586646e-01  3.01039696e-01  0.00000000e+00 -8.94611031e-02
  0.00000000e+00 -8.94610882e-02  0.00000000e+00 -3.15339863e-01
  0.00000000e+00 -3.31513137e-01  0.00000000e+00 -3.31513137e-01
  0.00000000e+00 -3.07331055e-01  0.00000000e+00 -1.68774039e-01
  0.00000000e+00 -1.68774039e-01  0.00000000e+00 -3.47608089e-01
  0.00000000e+00  2.67168969e-01  0.00000000e+00  2.67168969e-01
 -2.74695277e-01 -2.85367161e-01])
Elements in batch (training-loop) (2, 2)
Parametri: [-0.14186126  1.6272309  -0.7814566  -0.18716915  0.85524905  1.029585
 -0.39239255  1.7522969   0.83424574  0.96943593 -2.670862   -0.9920541
  0.06093483 -0.4442675   1.0615003   0.41255608  2.131183    0.01894336
 -1.2037237  -1.3734155 ]
Epoch 1
Batch 6
Elements in batch (train-step): ((2, 2))
Loss (train-step): (0.15424516332043875)
Grad (train-step): ([ 0.         -0.23576361  0.         -0.24759302  0.         -0.22904319
  0.         -0.22904316  0.          0.252027    0.         -0.15698254
  0.         -0.15698256  0.          0.20231651  0.         -0.23480824
  0.         -0.23480822  0.         -0.09816326  0.         -0.2530229
 -0.07711094 -0.2530229   0.         -0.21886638  0.         -0.07078966
  0.         -0.07078966  0.         -0.05333768  0.         -0.14843085
  0.         -0.14843084  0.         -0.2691219  -0.01009955 -0.01457564
  0.         -0.01457565  0.         -0.27874726  0.          0.13123149
  0.          0.13123149  0.         -0.19017223  0.          0.27274862
  0.          0.2727486  -0.07371244 -0.09500408  0.          0.18346485
  0.          0.18346485  0.          0.02139072  0.          0.12465143
  0.          0.12465143  0.         -0.19824769 -0.09281831 -0.2716969
 -0.01086099 -0.27169687  0.          0.00635087  0.         -0.33246365
  0.         -0.33246365  0.          0.007692    0.         -0.32357842
  0.         -0.32357842  0.08146545  0.09480116  0.         -0.08306389
  0.         -0.08306389  0.          0.2581544   0.         -0.00871092
  0.         -0.00871091  0.          0.18569854  0.         -0.20332336
 -0.11971176 -0.20332336  0.          0.15030472  0.          0.11322694
  0.          0.11322695  0.          0.29267114  0.         -0.03792686
  0.         -0.03792686  0.          0.3029032   0.         -0.14319463
  0.         -0.14319463  0.          0.29701385  0.          0.06200463
  0.          0.06200463  0.2884724   0.32555473])
Elements in batch (training-loop) (2, 2)
Parametri: [-0.14186126  1.6271218  -0.7814566  -0.18682317  0.85524905  1.0294724
 -0.39239255  1.7521843   0.83424574  0.96908706 -2.670862   -0.99192744
  0.06093483 -0.44414082  1.0615003   0.4126813   2.131183    0.01926658
 -1.2037237  -1.3730923 ]
Epoch 1
Batch 7
Elements in batch (train-step): ((2, 2))
Loss (train-step): (0.038881034238570325)
Grad (train-step): ([ 0.00000000e+00  7.18544945e-02  0.00000000e+00 -3.89276966e-02
  0.00000000e+00  7.10118562e-02  0.00000000e+00  7.10118562e-02
  0.00000000e+00  3.24921161e-02  0.00000000e+00  2.02605054e-02
  0.00000000e+00  2.02604961e-02  0.00000000e+00 -6.72100633e-02
  0.00000000e+00  1.75508857e-03  0.00000000e+00  1.75508857e-03
  0.00000000e+00 -5.98858669e-02  4.89224633e-03  5.54821119e-02
  4.16869596e-02  5.54821119e-02  2.72227507e-02 -3.10500357e-02
  0.00000000e+00 -1.71999149e-02  0.00000000e+00 -1.71999168e-02
  0.00000000e+00 -6.27385378e-02  0.00000000e+00 -6.41558319e-03
  0.00000000e+00 -6.41557947e-03 -2.64750794e-03 -4.59026545e-03
 -4.65338826e-02 -4.73291054e-02  2.06852164e-02 -4.73291054e-02
  0.00000000e+00 -4.28237580e-03  0.00000000e+00 -7.76106045e-02
  0.00000000e+00 -7.76106119e-02  0.00000000e+00 -8.13439302e-03
  6.98844320e-04 -5.95639274e-02 -2.40968447e-02 -5.95639274e-02
 -2.84003024e-03  1.06345508e-02  1.49340164e-02 -7.41244555e-02
  0.00000000e+00 -7.41244704e-02  0.00000000e+00 -4.93619591e-05
  0.00000000e+00  6.57932088e-02  0.00000000e+00  6.57932088e-02
 -1.27046350e-02  2.93524787e-02 -2.19252979e-04  2.48001385e-02
 -5.11212100e-04  2.48001367e-02  1.29170539e-02 -8.35681185e-02
  0.00000000e+00  3.06453034e-02  0.00000000e+00  3.06453072e-02
  0.00000000e+00 -8.36915821e-02  5.22600254e-03  2.90947538e-02
  6.49961084e-03  2.90947519e-02 -3.58180925e-02 -6.51175380e-02
  4.81460430e-02  5.72064221e-02  1.02397846e-02  5.72064221e-02
  0.00000000e+00 -4.98507097e-02  0.00000000e+00  8.01657513e-02
  0.00000000e+00  8.01657587e-02  0.00000000e+00  6.19558617e-02
  3.25029180e-03  8.67495462e-02  3.35985539e-03  8.67495388e-02
  4.37101237e-02  5.57706580e-02  1.26354338e-03  4.01312225e-02
  0.00000000e+00  4.01312113e-02  0.00000000e+00  9.70644653e-02
  0.00000000e+00 -1.14767328e-02  0.00000000e+00 -1.14767365e-02
  0.00000000e+00  1.00689515e-01  0.00000000e+00 -4.95688170e-02
  0.00000000e+00 -4.95688096e-02  0.00000000e+00  9.88941491e-02
  0.00000000e+00  1.93680767e-02  0.00000000e+00  1.93680804e-02
  1.07813463e-01  1.08961165e-01])
Elements in batch (training-loop) (2, 2)
Parametri: [-0.14186126  1.6269987  -0.7814566  -0.1864964   0.85524905  1.029346
 -0.39239255  1.7520579   0.83424574  0.9687588  -2.670862   -0.99183005
  0.06093483 -0.44404343  1.0615003   0.41281918  2.131183    0.01956011
 -1.2037237  -1.3727988 ]
Epoch 1
Batch 8
Elements in batch (train-step): ((2, 2))
Loss (train-step): (0.08125587340833046)
Grad (train-step): ([ 0.00000000e+00 -1.33695155e-01  0.00000000e+00  1.25828981e-02
  0.00000000e+00 -1.31508127e-01  0.00000000e+00 -1.31508142e-01
  0.00000000e+00 -3.28360498e-03  0.00000000e+00 -5.22375405e-02
  0.00000000e+00 -5.22375405e-02  0.00000000e+00  1.22101992e-01
  0.00000000e+00 -3.98700051e-02  0.00000000e+00 -3.98699939e-02
  0.00000000e+00  6.46070391e-02 -1.82582866e-04 -1.14446826e-01
 -8.61409456e-02 -1.14446811e-01  0.00000000e+00  1.51650533e-02
  0.00000000e+00 -7.33000040e-02  0.00000000e+00 -7.33000040e-02
  0.00000000e+00  5.95881119e-02  0.00000000e+00 -8.74671489e-02
 -4.18675045e-05 -8.74671489e-02  8.60884562e-02  4.20719385e-04
 -2.16292590e-02 -2.02623531e-02  2.91108969e-03 -2.02623457e-02
  3.76555556e-03  3.12015414e-03  0.00000000e+00  7.11900145e-02
  0.00000000e+00  7.11900145e-02  0.00000000e+00  4.44007441e-02
 -8.67398363e-03  1.13364547e-01 -4.43465979e-04  1.13364570e-01
 -8.06202274e-03  3.14307213e-03  0.00000000e+00  1.19961597e-01
  2.47920193e-02  1.19961582e-01  0.00000000e+00 -1.79919712e-02
  0.00000000e+00 -5.35633750e-02  0.00000000e+00 -5.35633788e-02
 -1.22889830e-02 -8.69831517e-02 -6.23394623e-02 -3.99941355e-02
 -6.31633447e-03 -3.99941504e-02  0.00000000e+00  7.85339028e-02
  3.17603238e-02 -8.25936943e-02  0.00000000e+00 -8.25936943e-02
  0.00000000e+00  8.61016884e-02  0.00000000e+00 -6.33670837e-02
  4.28257920e-02 -6.33670837e-02  2.85597127e-02  1.00411378e-01
  4.86673875e-04  1.09378770e-02  6.92338571e-02  1.09378621e-02
  0.00000000e+00  1.63625583e-01  0.00000000e+00  3.99237201e-02
  0.00000000e+00  3.99237089e-02  0.00000000e+00  5.57861999e-02
  5.44075994e-03 -8.95951092e-02 -6.64166361e-02 -8.95950943e-02
  6.39904067e-02  1.09980784e-01  0.00000000e+00  5.77037334e-02
  0.00000000e+00  5.77037260e-02  0.00000000e+00  1.29127190e-01
  0.00000000e+00 -4.93933260e-02  0.00000000e+00 -4.93933260e-02
  0.00000000e+00  1.35984659e-01  0.00000000e+00 -9.70638171e-02
  0.00000000e+00 -9.70638171e-02  0.00000000e+00  1.29179209e-01
  0.00000000e+00  5.62921502e-02  0.00000000e+00  5.62921539e-02
  1.49950460e-01  1.51686996e-01])
Elements in batch (training-loop) (2, 2)
Parametri: [-0.14186126  1.6269315  -0.7814566  -0.18620248  0.85524905  1.0292758
 -0.39239255  1.7519877   0.83424574  0.9684608  -2.670862   -0.9916949
  0.06093483 -0.44390827  1.0615003   0.41290066  2.131183    0.01984949
 -1.2037237  -1.3725094 ]
Epoch 1
Batch 9
Elements in batch (train-step): ((2, 2))
Loss (train-step): (0.08620253979517331)
Grad (train-step): ([ 0.00000000e+00 -1.18285939e-01  0.00000000e+00  1.25627965e-01
  0.00000000e+00 -1.17548227e-01  0.00000000e+00 -1.17548205e-01
  0.00000000e+00 -1.12285413e-01  0.00000000e+00 -1.85640417e-02
  0.00000000e+00 -1.85640343e-02  0.00000000e+00  1.13569759e-01
  0.00000000e+00  3.46663371e-02  0.00000000e+00  3.46663482e-02
  0.00000000e+00  1.47001266e-01  0.00000000e+00 -7.94860721e-02
 -7.85841942e-02 -7.94860870e-02 -7.58806616e-03  7.19291121e-02
  0.00000000e+00  5.78603670e-02  0.00000000e+00  5.78603707e-02
  0.00000000e+00  1.32846877e-01  0.00000000e+00  3.73034887e-02
 -2.66838586e-03  3.73034887e-02 -4.86420356e-02  1.19208135e-02
  6.21042736e-02  1.06727324e-01  2.48861928e-02  1.06727317e-01
 -6.27983361e-03  2.64396891e-02  0.00000000e+00  1.46639079e-01
  0.00000000e+00  1.46639079e-01  0.00000000e+00  2.75436603e-02
  1.19292706e-01  1.00030504e-01  9.94931757e-02  1.00030497e-01
  3.55228670e-02  6.37580156e-02  1.03736751e-01  1.28004849e-01
  1.03932180e-01  1.28004864e-01  0.00000000e+00 -2.15804800e-02
  0.00000000e+00 -1.46265000e-01 -3.60782184e-02 -1.46265000e-01
  2.93855090e-02  8.93404335e-03  4.35149670e-02  6.97870180e-02
 -2.21853348e-04  6.97870255e-02  1.32121444e-01  1.42307788e-01
  3.19446735e-02  9.64042321e-02  0.00000000e+00  9.64042395e-02
  0.00000000e+00  1.29610837e-01 -2.65210588e-02  8.11884105e-02
  3.50437909e-02  8.11884254e-02  9.51272324e-02  1.80994660e-01
  5.03959358e-02  1.39708176e-01  1.38400555e-01  1.39708191e-01
  3.08901761e-02  1.47992790e-01  0.00000000e+00  1.72646374e-01
  0.00000000e+00  1.72646374e-01  4.55279602e-03  1.91284344e-02
  2.28563640e-02  5.34305610e-02  4.92673144e-02  5.34305647e-02
  1.38079733e-01  2.33096838e-01  5.33795275e-04  6.01956248e-02
  0.00000000e+00  6.01956248e-02  0.00000000e+00  1.06093287e-01
  0.00000000e+00 -1.52745843e-01  0.00000000e+00 -1.52745843e-01
  0.00000000e+00  1.18222542e-01  0.00000000e+00 -1.80861026e-01
  0.00000000e+00 -1.80861026e-01  0.00000000e+00  9.80117321e-02
  0.00000000e+00  1.46222740e-01  0.00000000e+00  1.46222740e-01
  1.45008862e-01  1.46218732e-01])
Elements in batch (training-loop) (2, 2)
Parametri: [-0.14186126  1.6269106  -0.7814566  -0.18597361  0.85524905  1.0292522
 -0.39239255  1.7519641   0.83424574  0.9682267  -2.670862   -0.99155504
  0.06093483 -0.4437684   1.0615003   0.41293362  2.131183    0.02009352
 -1.2037237  -1.3722653 ]
Epoch 1
Batch 10
Elements in batch (train-step): ((2, 2))
Loss (train-step): (0.18774170326887152)
Grad (train-step): ([ 0.00000000e+00 -1.43066347e-01  0.00000000e+00  2.61329800e-01
  0.00000000e+00 -1.43313751e-01  0.00000000e+00 -1.43313736e-01
  0.00000000e+00 -2.40302071e-01  0.00000000e+00  3.96972708e-03
  0.00000000e+00  3.96971777e-03  0.00000000e+00  1.42606452e-01
  0.00000000e+00  1.08761132e-01  0.00000000e+00  1.08761147e-01
  0.00000000e+00  2.63606846e-01  0.00000000e+00 -7.52217472e-02
 -4.47024368e-02 -7.52217472e-02  0.00000000e+00  2.83229291e-01
  0.00000000e+00 -3.95991839e-02  0.00000000e+00 -3.95991765e-02
  0.00000000e+00  2.74742872e-01  0.00000000e+00 -1.59403458e-02
  1.65719102e-05 -1.59403346e-02  1.93333238e-01  2.52231419e-01
  5.30371666e-02  6.98033124e-02  8.42620954e-02  6.98032975e-02
  5.81269674e-02  2.59010702e-01  0.00000000e+00  1.36253327e-01
  0.00000000e+00  1.36253327e-01  0.00000000e+00  2.56276101e-01
  1.21182832e-03  5.03255948e-02  2.46448089e-05  5.03255874e-02
  1.09091494e-02 -4.10496071e-02  1.79530289e-02  1.60599262e-01
  1.17051162e-01  1.60599262e-01  0.00000000e+00 -2.22791180e-01
  0.00000000e+00 -1.85307801e-01 -1.78011134e-01 -1.85307816e-01
  0.00000000e+00 -2.68006355e-01  0.00000000e+00 -2.49062330e-02
 -4.64162081e-02 -2.49062181e-02  0.00000000e+00  2.33880132e-01
 -1.16467707e-01 -1.98489055e-01  0.00000000e+00 -1.98489040e-01
  0.00000000e+00  2.48924226e-01 -3.11976057e-02 -1.08120143e-01
  0.00000000e+00 -1.08120136e-01 -8.52169062e-04  1.47136614e-01
 -2.34661829e-02 -1.18846595e-01 -4.52678204e-02 -1.18846595e-01
  0.00000000e+00  1.43748507e-01  0.00000000e+00 -1.30794272e-02
  0.00000000e+00 -1.30794235e-02  0.00000000e+00  2.96544462e-01
 -6.25299439e-02 -1.39107019e-01 -9.28931609e-02 -1.39107019e-01
  3.69291455e-02  1.50048316e-01  0.00000000e+00  1.21756792e-01
  0.00000000e+00  1.21756785e-01  0.00000000e+00  3.09927523e-01
  0.00000000e+00 -3.21695693e-02  0.00000000e+00 -3.21695730e-02
  0.00000000e+00  3.21322322e-01  0.00000000e+00 -1.46207094e-01
  0.00000000e+00 -1.46207109e-01  0.00000000e+00  3.15778673e-01
  0.00000000e+00  6.00162596e-02  0.00000000e+00  6.00162446e-02
  3.08498591e-01  3.44693989e-01])
Elements in batch (training-loop) (2, 2)
Parametri: [-0.14186126  1.6269403  -0.7814566  -0.18584704  0.85524905  1.0292802
 -0.39239255  1.7519921   0.83424574  0.96809435 -2.670862   -0.99143124
  0.06093483 -0.4436446   1.0615003   0.41291153  2.131183    0.02025302
 -1.2037237  -1.3721058 ]
Epoch 1
Batch 11
Elements in batch (train-step): ((2, 2))
Loss (train-step): (0.46069119020056504)
Grad (train-step): ([ 0.00000000e+00 -2.59201974e-01  0.00000000e+00 -4.94797736e-01
  0.00000000e+00 -2.49599963e-01  0.00000000e+00 -2.49599993e-01
  0.00000000e+00  4.89546239e-01  0.00000000e+00 -2.27214694e-01
  0.00000000e+00 -2.27214724e-01  0.00000000e+00  2.11523920e-01
  0.00000000e+00 -3.94794911e-01  0.00000000e+00 -3.94794881e-01
  0.00000000e+00 -2.80992180e-01  0.00000000e+00 -3.20307076e-01
  3.40705359e-04 -3.20307076e-01 -4.42217797e-01 -4.39539909e-01
  0.00000000e+00 -1.32784709e-01  0.00000000e+00 -1.32784709e-01
  0.00000000e+00 -1.94274053e-01  0.00000000e+00 -2.54152745e-01
  0.00000000e+00 -2.54152745e-01  5.21921813e-02 -4.91034329e-01
 -1.46219619e-02 -1.00381598e-01 -9.56127420e-02 -1.00381598e-01
  0.00000000e+00 -4.99447703e-01  0.00000000e+00  1.18962191e-01
  0.00000000e+00  1.18962154e-01  0.00000000e+00 -3.45765263e-01
  8.26899195e-04  4.00371253e-01  1.00121852e-02  4.00371283e-01
 -1.16714969e-01 -5.92819899e-02  3.59858796e-02  2.21373424e-01
  0.00000000e+00  2.21373424e-01  0.00000000e+00  1.44755483e-01
  0.00000000e+00  2.71997005e-01  0.00000000e+00  2.71997005e-01
  2.41763610e-03 -2.12537140e-01 -3.99979651e-01 -4.84730780e-01
 -2.79088974e-01 -4.84730780e-01  5.74366450e-02 -5.71156666e-02
  0.00000000e+00 -5.13734162e-01  0.00000000e+00 -5.13734162e-01
  0.00000000e+00 -5.26055694e-02  0.00000000e+00 -5.47167540e-01
  2.75917239e-02 -5.47167599e-01  2.33152956e-02  7.06805438e-02
  5.12814932e-02  4.26414236e-02  2.21408252e-02  4.26414348e-02
  0.00000000e+00  4.22760308e-01  0.00000000e+00  1.97063565e-01
  0.00000000e+00  1.97063535e-01  0.00000000e+00  3.65120173e-01
 -1.19220808e-01 -1.85445517e-01 -1.19772315e-01 -1.85445517e-01
  4.68579158e-02  5.99084377e-01  0.00000000e+00  1.70747355e-01
  0.00000000e+00  1.70747355e-01  0.00000000e+00  3.13927263e-01
  0.00000000e+00 -3.82815540e-01  0.00000000e+00 -3.82815540e-01
  0.00000000e+00  3.46981704e-01  0.00000000e+00 -4.73184317e-01
  0.00000000e+00 -4.73184317e-01  0.00000000e+00  2.95119733e-01
  0.00000000e+00  3.71504068e-01  0.00000000e+00  3.71504098e-01
  4.17319208e-01  4.20604467e-01])
Elements in batch (training-loop) (2, 2)
Parametri: [-0.14186126  1.6270554  -0.7814566  -0.18558744  0.85524905  1.0293915
 -0.39239255  1.7521034   0.83424574  0.9678215  -2.670862   -0.9911272
  0.06093483 -0.44334054  1.0615003   0.4128142   2.131183    0.02059918
 -1.2037237  -1.3717597 ]
Epoch 1
Batch 12
Elements in batch (train-step): ((2, 2))
Loss (train-step): (0.3772580869812882)
Grad (train-step): ([ 0.00000000e+00  5.51561415e-01  0.00000000e+00 -2.72577405e-01
  0.00000000e+00  5.44922709e-01  0.00000000e+00  5.44922709e-01
  0.00000000e+00  2.24548802e-01  0.00000000e+00  1.63091987e-01
  0.00000000e+00  1.63091972e-01  0.00000000e+00 -5.13687909e-01
  0.00000000e+00  3.01906094e-02  0.00000000e+00  3.01906243e-02
 -5.76287834e-03 -4.41399872e-01  1.23642839e-01  4.12433535e-01
  1.14272274e-01  4.12433565e-01 -3.76417160e-01 -3.84018064e-01
  0.00000000e+00  1.09963767e-01  0.00000000e+00  1.09963775e-01
  0.00000000e+00 -5.64725220e-01  5.69680193e-03  1.51061594e-01
  3.02246884e-02  1.51061624e-01  8.99474975e-03 -1.42647073e-01
 -9.60725993e-02 -1.78300604e-01 -1.24072827e-01 -1.78300589e-01
  0.00000000e+00 -1.31763339e-01  0.00000000e+00 -4.53323722e-01
  0.00000000e+00 -4.53323722e-01  9.89735276e-02 -2.01742649e-01
 -1.11846730e-01 -3.92807335e-01 -6.27721250e-02 -3.92807305e-01
 -2.03122199e-01 -2.01067239e-01 -6.09923080e-02 -4.35586959e-01
 -4.10408154e-02 -4.35586959e-01  0.00000000e+00 -2.73209274e-01
  0.00000000e+00  4.55245107e-01 -1.29116385e-03  4.55245048e-01
 -1.03037626e-01 -1.20378517e-01  3.87792848e-02  1.72728971e-01
  3.38006695e-03  1.72728971e-01 -4.74166684e-02 -4.34444994e-01
 -1.95671413e-02 -2.37962574e-01  0.00000000e+00 -2.37962589e-01
  0.00000000e+00 -4.21690643e-01  2.94145057e-03  3.09430547e-02
  6.10565953e-02  3.09430510e-02 -1.24777980e-01 -1.45044357e-01
  0.00000000e+00  4.89040613e-01  1.01060674e-01  4.89040613e-01
 -9.49936861e-04  1.75802782e-02  0.00000000e+00  6.19514823e-01
  0.00000000e+00  6.19514823e-01  0.00000000e+00  2.68331647e-01
  3.16942126e-01  4.12979364e-01  1.53245732e-01  4.12979364e-01
  6.12903424e-02  3.22924584e-01  2.64314906e-04 -1.15667231e-01
  0.00000000e+00 -1.15667269e-01  0.00000000e+00 -3.15661401e-01
  0.00000000e+00 -1.47419572e-01  0.00000000e+00 -1.47419557e-01
  0.00000000e+00 -3.17911863e-01  0.00000000e+00 -3.56346369e-04
  0.00000000e+00 -3.56361270e-04  0.00000000e+00 -3.36398125e-01
  0.00000000e+00  9.97188985e-02  0.00000000e+00  9.97188985e-02
 -3.18912834e-01 -3.21433902e-01])
Elements in batch (training-loop) (2, 2)
Parametri: [-0.14186126  1.6269741  -0.7814566  -0.18527147  0.85524905  1.0293069
 -0.39239255  1.7520188   0.83424574  0.96750253 -2.670862   -0.9909979
  0.06093483 -0.44321123  1.0615003   0.41291082  2.131183    0.02089808
 -1.2037237  -1.3714608 ]
Epoch 1
Batch 13
Elements in batch (train-step): ((2, 2))
Loss (train-step): (0.3350809039256746)
Grad (train-step): ([ 0.00000000e+00 -3.72335494e-01  0.00000000e+00  5.17544866e-01
  0.00000000e+00 -3.71325016e-01  0.00000000e+00 -3.71325016e-01
  0.00000000e+00 -4.70225275e-01  0.00000000e+00 -2.96237357e-02
  0.00000000e+00 -2.96237692e-02  0.00000000e+00  3.62479270e-01
  0.00000000e+00  1.83322221e-01  0.00000000e+00  1.83322236e-01
  0.00000000e+00  5.59571743e-01  0.00000000e+00 -2.24989414e-01
 -7.72988722e-02 -2.24989429e-01  1.90643087e-01  4.38637614e-01
 -3.02034933e-02  1.45839691e-01  0.00000000e+00  1.45839691e-01
  9.40218382e-03  5.81752717e-01  0.00000000e+00  1.19919538e-01
 -5.80303546e-04  1.19919509e-01  1.16634950e-01  2.73724824e-01
  2.93434232e-01  3.96471232e-01  3.38068813e-01  3.96471262e-01
  1.68349639e-01  2.82085598e-01  0.00000000e+00  4.16444361e-01
  0.00000000e+00  4.16444331e-01  0.00000000e+00  2.75786310e-01
  1.55628145e-01  2.36670122e-01  1.07698143e-01  2.36670122e-01
  6.75611347e-02  2.58762330e-01  2.11914837e-01  4.21934128e-01
  1.86385468e-01  4.21934128e-01  0.00000000e+00 -2.04214081e-01
  0.00000000e+00 -5.58608592e-01 -1.63374558e-01 -5.58608592e-01
 -1.89898565e-01 -1.87084228e-01  1.34895286e-02  2.86970794e-01
  7.93501548e-03  2.86970735e-01  3.99477541e-01  4.60651398e-01
  2.08354108e-02  9.72144902e-02  0.00000000e+00  9.72144976e-02
  0.00000000e+00  4.52474713e-01  2.62284093e-02  2.42379621e-01
  2.08352566e-01  2.42379606e-01  5.84539250e-02  4.34365153e-01
  1.79960340e-01  3.06942672e-01  2.16686189e-01  3.06942701e-01
  0.00000000e+00  3.81397158e-01  0.00000000e+00  4.30522591e-01
  0.00000000e+00  4.30522621e-01  1.40523177e-03  2.40102798e-01
  2.32314859e-02  3.50655913e-02  2.59606596e-02  3.50655988e-02
  1.18871890e-01  6.48127437e-01  0.00000000e+00  9.42793265e-02
  0.00000000e+00  9.42793190e-02  0.00000000e+00  1.05519615e-01
  0.00000000e+00 -4.83967781e-01  0.00000000e+00 -4.83967781e-01
  0.00000000e+00  1.38431430e-01  0.00000000e+00 -4.76357669e-01
  0.00000000e+00 -4.76357698e-01  0.00000000e+00  7.26286843e-02
  0.00000000e+00  4.40941423e-01  0.00000000e+00  4.40941423e-01
  2.08440900e-01  2.10088655e-01])
Elements in batch (training-loop) (2, 2)
Parametri: [-0.14186126  1.6270227  -0.7814566  -0.18514515  0.85524905  1.0293537
 -0.39239255  1.7520657   0.83424574  0.9673695  -2.670862   -0.99085456
  0.06093483 -0.4430679   1.0615003   0.41287053  2.131183    0.02106775
 -1.2037237  -1.3712912 ]
Epoch 1
Batch 14
Elements in batch (train-step): ((2, 2))
Loss (train-step): (0.050081365661241335)
Grad (train-step): ([ 0.         -0.06014954  0.         -0.09852246  0.         -0.05810071
  0.         -0.05810071  0.          0.09802434  0.         -0.04882853
  0.         -0.04882854  0.          0.04994058  0.         -0.0816683
  0.         -0.08166829  0.         -0.05224775 -0.00333391 -0.07132575
 -0.02368093 -0.07132575  0.02192274 -0.08448178 -0.00773869 -0.05264936
  0.         -0.05264936  0.         -0.04158215  0.         -0.07253651
  0.         -0.07253651  0.00310493 -0.08391006 -0.01574276 -0.05321575
  0.00498326 -0.05321575  0.00502395 -0.08047969  0.         -0.01080477
  0.         -0.01080477  0.         -0.04354688  0.02732256  0.06255907
  0.03566411  0.06255907 -0.01393015 -0.0141305   0.01079771  0.02448189
  0.02067757  0.02448189  0.          0.01858334  0.          0.06076199
 -0.03074003  0.06076197  0.00648769 -0.02609685 -0.02563465 -0.06478004
 -0.02542453 -0.06478003  0.0267195  -0.03447428  0.00969256 -0.07233268
  0.         -0.07233268  0.         -0.03430467  0.00847397 -0.07692138
  0.0022392  -0.07692139 -0.01259776  0.01936831  0.00306976 -0.00530772
  0.00836776 -0.00530772  0.          0.07583494  0.          0.03956639
  0.          0.03956639  0.00184786  0.11635505  0.00705254 -0.01349216
 -0.00529031 -0.01349215  0.033137    0.0680876   0.          0.05325162
  0.          0.05325161  0.          0.12091123  0.         -0.01772375
  0.         -0.01772376  0.          0.1264671   0.         -0.06725277
  0.         -0.06725277  0.          0.1235562   0.          0.02800936
  0.          0.02800938  0.0904753   0.137954  ])
Elements in batch (training-loop) (2, 2)
Parametri: [-0.14186126  1.6270868  -0.7814566  -0.185001    0.85524905  1.0294157
 -0.39239255  1.7521276   0.83424574  0.9672172  -2.670862   -0.99068165
  0.06093483 -0.442895    1.0615003   0.41281623  2.131183    0.02126628
 -1.2037237  -1.3710927 ]
Epoch 1
Batch 15
Elements in batch (train-step): ((2, 2))
Loss (train-step): (0.020492983915299114)
Grad (train-step): ([ 0.00000000e+00  3.13486308e-02  0.00000000e+00  8.31599347e-03
  0.00000000e+00  3.07274945e-02  0.00000000e+00  3.07275020e-02
  0.00000000e+00 -9.97669995e-03  0.00000000e+00  1.50548127e-02
  0.00000000e+00  1.50548136e-02  0.00000000e+00 -2.80545354e-02
  0.00000000e+00  1.62764676e-02  0.00000000e+00  1.62764583e-02
  0.00000000e+00 -6.50311261e-03  7.24276155e-03  2.88859159e-02
 -1.63906273e-02  2.88859177e-02  0.00000000e+00 -6.93284720e-03
  0.00000000e+00 -4.43337951e-03  0.00000000e+00 -4.43337485e-03
  0.00000000e+00 -2.52350960e-02  0.00000000e+00  2.32373085e-03
  1.18152834e-02  2.32372433e-03  3.66535150e-02  2.35270150e-02
 -4.45587002e-03 -5.47615439e-03 -3.41791450e-03 -5.47615346e-03
  1.57144628e-02  2.10641567e-02  0.00000000e+00 -1.32832862e-02
  0.00000000e+00 -1.32832825e-02  0.00000000e+00  1.08885895e-02
 -4.71616127e-02 -2.84097176e-02  0.00000000e+00 -2.84097120e-02
 -3.37982085e-03 -1.01436265e-02  0.00000000e+00 -1.98468976e-02
 -3.84942107e-02 -1.98469013e-02  0.00000000e+00 -3.08915954e-02
  0.00000000e+00  4.94254008e-03  2.14679050e-04  4.94254148e-03
 -5.24868816e-03 -2.79714372e-02  0.00000000e+00  2.99657341e-02
 -1.04526971e-02  2.99657322e-02 -1.54897221e-04 -1.97963268e-02
  1.74128320e-02 -6.49606623e-03  0.00000000e+00 -6.49606623e-03
  0.00000000e+00 -1.43287014e-02  6.46314875e-04  1.98779218e-02
  3.69079821e-02  1.98779218e-02  5.22329519e-03  4.56583500e-03
  1.68071245e-03  3.39295343e-02  4.34129089e-02  3.39295343e-02
 -8.31452999e-05  1.33961700e-02  0.00000000e+00  4.99742255e-02
  0.00000000e+00  4.99742255e-02  0.00000000e+00  3.73492688e-02
  6.31569931e-03  2.34004147e-02  2.06976905e-02  2.34004110e-02
  1.63577124e-02  1.70460809e-02  7.12571433e-04  3.25963572e-02
  0.00000000e+00  3.25963572e-02  0.00000000e+00  7.89235756e-02
  0.00000000e+00  1.26188193e-02  0.00000000e+00  1.26188220e-02
  0.00000000e+00  8.11303034e-02  0.00000000e+00 -2.25742348e-02
  0.00000000e+00 -2.25742310e-02  0.00000000e+00  8.25426877e-02
  0.00000000e+00 -3.12706362e-03  0.00000000e+00 -3.12706828e-03
  8.37591290e-02  8.55181515e-02])
Elements in batch (training-loop) (2, 2)
Parametri: [-0.14186126  1.6271347  -0.7814566  -0.18487222  0.85524905  1.0294619
 -0.39239255  1.7521738   0.83424574  0.9670818  -2.670862   -0.9905375
  0.06093483 -0.44275087  1.0615003   0.4127768   2.131183    0.0214381
 -1.2037237  -1.3709209 ]
Epoch 1
Batch 16
Elements in batch (train-step): ((2, 2))
Loss (train-step): (0.04068153502621258)
Grad (train-step): ([ 0.          0.07939762  0.          0.00808066  0.          0.0779609
  0.          0.07796089  0.         -0.01286141  0.          0.03501173
  0.          0.03501173  0.         -0.07165369  0.          0.03330204
  0.          0.03330203  0.         -0.02668918  0.03095796  0.07063001
 -0.00110752  0.07063001  0.01531647 -0.0199793   0.          0.0332448
  0.          0.03324481  0.         -0.04921214  0.          0.04225999
  0.          0.04225999  0.02603601 -0.00599643  0.01697991 -0.00456648
  0.01781448 -0.00456648  0.          0.01579974  0.         -0.06157773
  0.         -0.06157772  0.         -0.0082826  -0.00065557 -0.0829199
 -0.00166438 -0.08291991 -0.00573419  0.01801963  0.00591444 -0.08326115
  0.00517012 -0.08326116  0.         -0.01389322  0.          0.03303356
  0.          0.03303356  0.00200992  0.04316368  0.          0.07074094
  0.0251249   0.07074095  0.00290214 -0.05992018  0.02241678  0.08482042
  0.          0.08482041  0.         -0.05750322  0.          0.08131173
  0.03895062  0.08131173  0.00905009 -0.05626199  0.03394519  0.07479774
  0.01711221  0.07479773  0.0006061  -0.04511389  0.          0.08299322
  0.          0.08299322  0.          0.01843241  0.00146921  0.08991636
  0.00904613  0.08991636  0.06857609  0.06922774  0.0119038   0.05442919
  0.          0.05442919  0.          0.12653263  0.         -0.00066213
  0.         -0.00066213  0.          0.1314486   0.         -0.05472843
  0.         -0.05472843  0.          0.13081169  0.          0.01372729
  0.          0.0137273   0.13991481  0.14120378])
Elements in batch (training-loop) (2, 2)
Parametri: [-0.14186126  1.6271515  -0.7814566  -0.18475743  0.85524905  1.0294772
 -0.39239255  1.7521892   0.83424574  0.96696264 -2.670862   -0.99043775
  0.06093483 -0.44265112  1.0615003   0.41276675  2.131183    0.02157594
 -1.2037237  -1.3707831 ]
Epoch 1
Batch 17
Elements in batch (train-step): ((2, 2))
Loss (train-step): (0.20997966654229328)
Grad (train-step): ([ 0.00000000e+00  2.88749158e-01  0.00000000e+00  2.39930123e-01
  0.00000000e+00  2.81348318e-01  0.00000000e+00  2.81348318e-01
  0.00000000e+00 -2.47925162e-01  0.00000000e+00  1.78193599e-01
  0.00000000e+00  1.78193539e-01  0.00000000e+00 -2.50835538e-01
  0.00000000e+00  2.49687806e-01  0.00000000e+00  2.49687776e-01
  2.82226577e-02  6.77413046e-02  1.75041914e-01  1.87650070e-01
  1.54362321e-01  1.87650084e-01  4.16538306e-03  1.72933638e-01
  0.00000000e+00 -1.26952276e-01  0.00000000e+00 -1.26952276e-01
  0.00000000e+00 -1.21086845e-02  0.00000000e+00 -3.99356820e-02
 -4.09214236e-02 -3.99356782e-02  1.50765190e-02  3.59797508e-01
 -4.26655635e-02 -6.60130829e-02 -6.52513206e-02 -6.60130978e-02
  0.00000000e+00  3.60590458e-01  0.00000000e+00 -7.06024170e-02
  0.00000000e+00 -7.06023946e-02  0.00000000e+00  3.37238491e-01
 -1.21583641e-01 -1.42207384e-01 -1.57801353e-03 -1.42207369e-01
  0.00000000e+00  7.87472650e-02  6.16180757e-03  2.73109507e-03
  5.43417316e-03  2.73109693e-03  0.00000000e+00 -3.20016295e-01
  0.00000000e+00 -1.72640279e-01  0.00000000e+00 -1.72640294e-01
 -1.25591114e-01 -1.52358398e-01  1.40282023e-03  3.56116712e-01
  6.64379273e-04  3.56116742e-01  7.41542317e-05 -8.47893115e-03
  6.20470904e-02  9.37831849e-02  0.00000000e+00  9.37831774e-02
  0.00000000e+00  1.23353917e-02  0.00000000e+00  2.90086389e-01
  2.88913041e-01  2.90086418e-01  6.53690174e-02  9.65149999e-02
  1.33019179e-01  3.69435966e-01  3.41238976e-01  3.69435936e-01
  4.67755861e-04  1.15145758e-01  0.00000000e+00  3.32275987e-01
  0.00000000e+00  3.32275987e-01  0.00000000e+00 -1.85014680e-01
  1.26453461e-02  1.84178054e-01  1.71559080e-01  1.84178054e-01
  3.46617341e-01  3.51076484e-01  4.17591371e-02  1.38059288e-01
  0.00000000e+00  1.38059303e-01  0.00000000e+00  2.98576474e-01
  0.00000000e+00 -1.02961905e-01  0.00000000e+00 -1.02961905e-01
  0.00000000e+00  3.16782206e-01  0.00000000e+00 -2.18585253e-01
  0.00000000e+00 -2.18585253e-01  0.00000000e+00  3.00993115e-01
  0.00000000e+00  1.22868769e-01  0.00000000e+00  1.22868776e-01
  3.49379092e-01  3.52845669e-01])
Elements in batch (training-loop) (2, 2)
Parametri: [-0.14186126  1.6270696  -0.7814566  -0.18472685  0.85524905  1.0293952
 -0.39239255  1.7521071   0.83424574  0.96693623 -2.670862   -0.9905058
  0.06093483 -0.4427192   1.0615003   0.4128482   2.131183    0.02156124
 -1.2037237  -1.3707978 ]
Epoch 1
Batch 18
Elements in batch (train-step): ((2, 2))
Loss (train-step): (0.03913889280522532)
Grad (train-step): ([ 0.         -0.05078012  0.         -0.1282225   0.         -0.04858943
  0.         -0.04858944  0.          0.1257873   0.         -0.05212545
  0.         -0.05212545  0.          0.04010377  0.         -0.09646805
  0.         -0.09646804  0.         -0.07929774  0.         -0.06899024
 -0.02284692 -0.06899023 -0.00923835 -0.11045954  0.         -0.0431303
  0.         -0.04313031  0.         -0.06508136  0.         -0.06691954
  0.         -0.06691954  0.         -0.11210079 -0.04547256 -0.04580594
  0.         -0.04580596  0.         -0.1107071   0.          0.00531033
  0.          0.00531033  0.         -0.07153156  0.          0.08205973
  0.          0.08205973 -0.00543958 -0.00946713  0.          0.0391814
  0.          0.0391814   0.          0.04091079  0.          0.07173485
  0.          0.07173487  0.         -0.03843335 -0.00508279 -0.11607142
 -0.06090376 -0.11607143  0.         -0.04427385  0.         -0.10285446
  0.         -0.10285445  0.         -0.04239828  0.         -0.12348589
  0.         -0.12348588 -0.0201207  -0.02567585 -0.0096392  -0.0813534
  0.         -0.0813534   0.          0.03243206  0.         -0.04463755
  0.         -0.04463755  0.          0.11294958  0.         -0.06731564
 -0.05936465 -0.06731563 -0.00945225 -0.05784559  0.          0.04121156
  0.          0.04121158  0.          0.11188258  0.          0.08032592
  0.          0.08032592  0.          0.1111944   0.          0.02264415
  0.          0.02264414  0.          0.12207099  0.         -0.05949338
  0.         -0.05949338  0.10881101  0.10951174])
Elements in batch (training-loop) (2, 2)
Parametri: [-0.14186126  1.6270123  -0.7814566  -0.18465957  0.85524905  1.0293374
 -0.39239255  1.7520493   0.83424574  0.9668707  -2.670862   -0.9905216
  0.06093483 -0.44273496  1.0615003   0.4129077   2.131183    0.0216013
 -1.2037237  -1.3707577 ]
Epoch 1
Batch 19
Elements in batch (train-step): ((2, 2))
Loss (train-step): (0.22314339649836779)
Grad (train-step): ([ 0.         -0.11321983  0.          0.3187723   0.         -0.11458878
  0.         -0.11458877  0.         -0.29720297  0.          0.02983964
  0.          0.02983963  0.          0.11754319  0.          0.15425733
  0.          0.15425736  0.          0.29679438  0.         -0.03674568
 -0.02833784 -0.03674566  0.303443    0.32810035  0.00294653 -0.00842357
  0.         -0.00842359  0.          0.29504144  0.          0.02662177
  0.          0.02662176  0.0561892   0.29825217  0.10718054  0.10758579
  0.1174041   0.1075858   0.          0.30148783  0.          0.10913451
  0.          0.1091345   0.          0.25564456 -0.03078744 -0.04255424
 -0.10191702 -0.04255422  0.0777315   0.304262   -0.02460836  0.01495818
  0.          0.01495818  0.         -0.05302306  0.         -0.258869
  0.         -0.258869    0.11260837  0.07732266  0.02827118  0.2855181
  0.1276359   0.28551805  0.04732685  0.07198125  0.          0.24747704
  0.          0.24747702  0.          0.06726222  0.07021917  0.2988028
  0.21637304  0.2988028   0.05137011  0.07400771  0.1818527   0.18396819
  0.          0.18396822  0.          0.00943134  0.          0.08831176
  0.          0.08831176 -0.05851923 -0.3047066   0.10903119  0.06525776
  0.00584169  0.06525774  0.         -0.3202631   0.         -0.08084442
  0.         -0.08084441  0.         -0.14172438  0.          0.21277043
  0.          0.21277043  0.         -0.16126397  0.          0.24865317
  0.          0.24865314  0.         -0.13023171  0.         -0.20400774
  0.         -0.20400774 -0.20088455 -0.19955772])
Elements in batch (training-loop) (2, 2)
Parametri: [-0.14186126  1.626999   -0.7814566  -0.18469718  0.85524905  1.0293247
 -0.39239255  1.7520366   0.83424574  0.9669099  -2.670862   -0.99056256
  0.06093483 -0.44277593  1.0615003   0.41291845  2.131183    0.02155188
 -1.2037237  -1.3708072 ]
Epoch 2
Batch 0
Elements in batch (train-step): ((2, 2))
Loss (train-step): (0.34096205684463465)
Grad (train-step): ([ 0.          0.29339182  0.         -0.38389248  0.          0.29236832
  0.          0.29236832  0.          0.3477437   0.          0.02948442
  0.          0.02948441  0.         -0.2840406   0.         -0.12963346
  0.         -0.12963347  0.         -0.42275652  0.          0.18088794
 -0.07121944  0.18088794 -0.2285257  -0.4539636   0.00396962  0.046468
  0.          0.046468    0.         -0.49965948  0.          0.03154685
  0.          0.03154684  0.         -0.36820498 -0.04291968 -0.19963971
 -0.13633117 -0.19963968  0.         -0.3163705   0.         -0.36354083
  0.         -0.3635408   0.         -0.31971616  0.         -0.20917106
  0.         -0.20917106 -0.05216569 -0.0550487  -0.0024023  -0.3545947
  0.         -0.3545947   0.          0.08315165  0.          0.47330102
  0.          0.47330102  0.          0.12314963 -0.04341893 -0.09707475
 -0.00359506 -0.09707475  0.         -0.45798504  0.         -0.19597022
  0.         -0.19597024  0.         -0.45863017  0.         -0.15294014
 -0.0025147  -0.15294014 -0.12619206 -0.21453112  0.          0.22814283
  0.          0.22814283  0.          0.07395031  0.          0.37166327
  0.          0.3716633   0.          0.3598429   0.24110968  0.18224454
 -0.06121762  0.18224452  0.          0.33756846  0.         -0.06331943
  0.         -0.06331944  0.         -0.19976234  0.         -0.3339344
  0.         -0.33393443  0.         -0.18672797  0.         -0.20080554
  0.         -0.20080553  0.         -0.2338635   0.          0.2756373
  0.          0.27563733 -0.15551904 -0.16164379])
Elements in batch (training-loop) (2, 2)
Parametri: [-0.14186126  1.6268866  -0.7814566  -0.18461338  0.85524905  1.0292118
 -0.39239255  1.7519237   0.83424574  0.9668308  -2.670862   -0.9906264
  0.06093483 -0.44283977  1.0615003   0.4130324   2.131183    0.02157943
 -1.2037237  -1.3707796 ]
Epoch 2
Batch 1
Elements in batch (train-step): ((2, 2))
Loss (train-step): (0.07868675278913684)
Grad (train-step): ([ 0.         -0.06103838  0.          0.05062409  0.         -0.06052296
  0.         -0.06052298  0.         -0.04440437  0.         -0.01319756
  0.         -0.01319755  0.          0.05773997  0.          0.00910803
  0.          0.00910802  0.          0.06504118  0.         -0.04330016
 -0.00446353 -0.04330015  0.11130078  0.05843011  0.          0.0055555
  0.          0.00555552  0.          0.08379786  0.         -0.00047386
  0.         -0.00047386  0.00053261  0.03362406  0.04367366  0.05211052
  0.05521508  0.05211051  0.          0.03621788  0.          0.07550891
  0.          0.07550889  0.          0.03337628  0.          0.04256808
 -0.01907549  0.04256808 -0.02154666  0.09137806  0.00895851  0.04428262
  0.          0.04428263  0.         -0.00678373  0.         -0.0660905
  0.         -0.06609049  0.01559702 -0.00923229  0.01196442  0.03171188
 -0.0293098   0.0317119   0.05945842  0.0383      0.          0.02556234
  0.          0.02556234  0.          0.03775234  0.          0.03197223
  0.10970446  0.03197224 -0.00129316  0.05541825  0.08929661  0.06129376
  0.00944655  0.06129375  0.          0.08494539  0.          0.06100537
  0.          0.06100537  0.         -0.02465702  0.04444602 -0.01094143
 -0.00853441 -0.01094142  0.01323158  0.04044932  0.         -0.01054381
  0.         -0.01054379  0.         -0.02301833  0.         -0.04155097
  0.         -0.04155096  0.         -0.02165975  0.         -0.02171186
  0.         -0.02171186  0.         -0.02764352  0.          0.03495129
  0.          0.0349513  -0.01331829 -0.01967889])
Elements in batch (training-loop) (2, 2)
Parametri: [-0.14186126  1.6268055  -0.7814566  -0.1845528   0.85524905  1.0291303
 -0.39239255  1.7518423   0.83424574  0.96677357 -2.670862   -0.99067247
  0.06093483 -0.44288582  1.0615003   0.41311464  2.131183    0.02159936
 -1.2037237  -1.3707597 ]
Epoch 2
Batch 2
Elements in batch (train-step): ((2, 2))
Loss (train-step): (0.6171277038333635)
Grad (train-step): ([ 0.00000000e+00  6.06553912e-01  0.00000000e+00 -2.62652427e-01
  0.00000000e+00  5.98956108e-01  0.00000000e+00  5.98956108e-01
  0.00000000e+00  2.11591065e-01  0.00000000e+00  1.89331651e-01
  0.00000000e+00  1.89331651e-01  0.00000000e+00 -5.62509656e-01
  0.00000000e+00  5.64634800e-02  0.00000000e+00  5.64634949e-02
  2.72757355e-02 -4.58060145e-01  1.65564880e-01  3.71674001e-01
  1.46534443e-01  3.71674031e-01 -5.16536474e-01 -3.87161911e-01
  0.00000000e+00 -3.67834121e-02  0.00000000e+00 -3.67834270e-02
  0.00000000e+00 -5.88305950e-01  0.00000000e+00  1.59336105e-02
 -4.01019044e-02  1.59336179e-02  2.16305032e-02 -1.25811487e-01
 -1.27469182e-01 -2.57006168e-01 -1.90972328e-01 -2.57006198e-01
  0.00000000e+00 -1.09809935e-01  0.00000000e+00 -4.38813865e-01
  0.00000000e+00 -4.38813865e-01  0.00000000e+00 -1.29344553e-01
 -1.14446141e-01 -3.19328308e-01 -2.62106787e-02 -3.19328308e-01
 -2.17705458e-01 -1.30765408e-01  5.87305054e-03 -3.59668612e-01
  6.37981622e-03 -3.59668583e-01  0.00000000e+00 -3.23178351e-01
  0.00000000e+00  4.31542754e-01  0.00000000e+00  4.31542724e-01
 -1.20583773e-01 -1.51184291e-01 -1.09848291e-01  2.23068655e-01
 -7.77267851e-03  2.23068625e-01  8.31875950e-05 -4.54017788e-01
  5.88198602e-02 -2.80424088e-01  0.00000000e+00 -2.80424118e-01
  0.00000000e+00 -4.38928872e-01  0.00000000e+00  4.24335599e-02
  2.18949005e-01  4.24335748e-02 -3.54599319e-02 -3.13379616e-02
  1.22366153e-01  7.00804353e-01  3.25886637e-01  7.00804353e-01
  4.42563760e-04  2.80807555e-01  0.00000000e+00  7.93520510e-01
  0.00000000e+00  7.93520570e-01  0.00000000e+00  1.03830710e-01
  2.01813385e-01  3.77848655e-01  2.65108705e-01  3.77848685e-01
  3.15383017e-01  8.75827968e-01  4.04402390e-02  9.10603404e-02
  0.00000000e+00  9.10603106e-02  0.00000000e+00  9.21905041e-02
  0.00000000e+00 -5.89811325e-01  0.00000000e+00 -5.89811325e-01
  0.00000000e+00  1.35184497e-01  0.00000000e+00 -5.57630122e-01
  0.00000000e+00 -5.57630122e-01  0.00000000e+00  4.90416884e-02
  0.00000000e+00  5.33259630e-01  0.00000000e+00  5.33259690e-01
  2.15501308e-01  2.17419714e-01])
Elements in batch (training-loop) (2, 2)
Parametri: [-0.14186126  1.6265334  -0.7814566  -0.18441665  0.85524905  1.028858
 -0.39239255  1.7515699   0.83424574  0.9666512  -2.670862   -0.9908815
  0.06093483 -0.44309485  1.0615003   0.4133867   2.131183    0.02158535
 -1.2037237  -1.3707737 ]
Epoch 2
Batch 3
Elements in batch (train-step): ((2, 2))
Loss (train-step): (0.04045616640239074)
Grad (train-step): ([ 0.         -0.11095884  0.          0.03370441  0.         -0.1094222
  0.         -0.10942221  0.         -0.02499339  0.         -0.03811483
  0.         -0.03811485  0.          0.10224327  0.         -0.01911452
  0.         -0.01911451  0.          0.0725246  -0.00123526 -0.09000279
 -0.0883195  -0.09000278  0.00698708  0.01775909  0.         -0.01822759
  0.         -0.01822759  0.          0.06798683  0.         -0.03591394
 -0.0021989  -0.03591394 -0.01584444 -0.01318904  0.01101666  0.01199813
  0.01176476  0.01199814 -0.00544248 -0.00066334  0.          0.07554634
  0.          0.07554632  0.          0.02795213  0.09768456  0.09745019
  0.0971331   0.0974502   0.00017221  0.02720069  0.07097632  0.09586005
  0.0888774   0.09586003  0.          0.04305481  0.         -0.08111489
 -0.02851965 -0.08111489  0.04053619  0.04087084 -0.01238184 -0.00049513
 -0.00018115 -0.00049514  0.06155518  0.08497084  0.04674522  0.053031
  0.          0.05303098  0.          0.07890177 -0.02117828  0.01402817
  0.01384885  0.01402819  0.07942209  0.10910666  0.02655091  0.05746831
  0.0418595   0.05746831  0.02646598  0.07927549  0.          0.07649669
  0.          0.07649671  0.00346986  0.01011877  0.01582526  0.02678603
  0.02346909  0.02678604  0.08928981  0.13176084  0.01142776  0.0378304
  0.          0.03783041  0.          0.07153159  0.         -0.06837881
  0.         -0.06837881  0.          0.079228    0.         -0.09164196
  0.         -0.09164196  0.          0.06887396  0.          0.0684579
  0.          0.06845789  0.09296347  0.09370972])
Elements in batch (training-loop) (2, 2)
Parametri: [-0.14186126  1.6263235  -0.7814566  -0.18430337  0.85524905  1.0286478
 -0.39239255  1.7513597   0.83424574  0.9665483  -2.670862   -0.99103713
  0.06093483 -0.44325048  1.0615003   0.41359696  2.131183    0.0215836
 -1.2037237  -1.3707755 ]
Epoch 2
Batch 4
Elements in batch (train-step): ((2, 2))
